tid;gid;sid;latitude;longitude;time;direction_inference;speed_inference_m_s;distance_inference_m;label
1;0;1;-5.778;-35.206;2004-04-14 01:31:00;0;0;0;MOVE
1;1;1;-5.778;-35.206;2004-04-14 01:44:00;0;0;0;MOVE
1;2;1;-5.778;-35.206;2004-04-14 03:16:00;0;0;0;MOVE
1;3;1;-5.778;-35.206;2004-04-14 04:08:00;0;0;0;MOVE
1;4;1;-5.778;-35.206;2004-04-14 05:52:00;4.09;0;0;MOVE
1;5;1;-5.764;-35.205;2004-04-15 20:06:00;56.56;0.01;1560.66;MOVE
1;6;1;-5.701;-35.093;2004-04-15 21:00:00;0.5;4.39;14234.6;MOVE
1;7;1;-5.674;-35.044;2004-04-15 21:23:00;6.24;4.49;6197.48;MOVE
1;8;1;-5.622;-34.97;2004-04-15 22:00:00;16.75;4.52;10024.2;MOVE
1;9;1;-5.594;-34.948;2004-04-15 22:15:00;30.8;4.39;3952.32;MOVE
1;10;1;-5.47;-34.932;2004-04-15 23:04:00;6.56;4.73;13901.4;MOVE
1;11;1;-5.326;-34.93;2004-04-16 00:00:00;0.17;4.77;16013.6;MOVE
1;12;1;-5.207;-34.928;2004-04-16 00:47:00;0.77;4.69;13234;MOVE
1;13;1;-5.174;-34.927;2004-04-16 01:00:00;2.9;4.71;3671.1;MOVE
1;14;1;-5.137;-34.924;2004-04-16 01:15:00;6.65;4.59;4127.6;MOVE
1;15;1;-5.023;-34.928;2004-04-16 02:00:00;1.17;4.7;12684;MOVE
1;16;1;-4.886;-34.93;2004-04-16 02:54:00;0.15;4.7;15235.3;MOVE
1;17;1;-4.712;-34.933;2004-04-16 04:00:00;0.25;4.89;19350.8;MOVE
1;18;1;-4.557;-34.935;2004-04-16 05:00:00;2.65;4.79;17236.6;MOVE
1;19;1;-4.497;-34.933;2004-04-16 05:24:00;4.99;4.64;6675.38;MOVE
1;20;1;-4.404;-34.938;2004-04-16 06:00:00;7.59;4.79;10356;MOVE
1;21;1;-4.252;-34.926;2004-04-16 07:00:00;4.51;4.71;16953.9;MOVE
1;22;1;-4.147;-34.926;2004-04-16 07:42:00;1.12;4.63;11675.5;MOVE
1;23;1;-4.096;-34.927;2004-04-16 08:00:00;0.47;5.25;5672.03;MOVE
1;24;1;-4.024;-34.929;2004-04-16 08:28:00;2.28;4.77;8009.11;MOVE
1;25;1;-3.941;-34.928;2004-04-16 09:00:00;3.87;4.81;9229.85;MOVE
1;26;1;-3.905;-34.93;2004-04-16 09:15:00;4.21;4.45;4009.16;MOVE
1;27;1;-3.794;-34.928;2004-04-16 10:00:00;1.03;4.57;12344.6;MOVE
1;28;1;-3.66;-34.928;2004-04-16 11:00:00;3.88;4.14;14900.1;MOVE
1;29;1;-3.601;-34.932;2004-04-16 11:35:00;5.7;3.13;6575.5;MOVE
1;30;1;-3.538;-34.93;2004-04-16 12:00:00;0.78;4.67;7008.8;MOVE
1;31;1;-3.483;-34.929;2004-04-16 12:23:00;2;4.43;6116.73;MOVE
1;32;1;-3.389;-34.924;2004-04-16 13:00:00;1.45;4.71;10467;MOVE
1;33;1;-3.353;-34.923;2004-04-16 13:15:00;1.4;4.45;4004.56;MOVE
1;34;1;-3.238;-34.917;2004-04-16 14:00:00;2.51;4.74;12804.8;MOVE
1;35;1;-3.117;-34.916;2004-04-16 14:48:00;0.47;4.67;13455;MOVE
1;36;1;-3.087;-34.916;2004-04-16 15:00:00;1.51;4.63;3335.85;MOVE
1;37;1;-2.935;-34.912;2004-04-16 16:00:00;0.4;4.7;16907.5;MOVE
1;38;1;-2.845;-34.909;2004-04-16 16:36:00;0.97;4.64;10013.1;MOVE
1;39;1;-2.784;-34.908;2004-04-16 17:00:00;0.17;4.71;6783.8;MOVE
1;40;1;-2.629;-34.905;2004-04-16 18:01:00;5.74;4.71;17238.4;MOVE
1;41;1;-2.592;-34.908;2004-04-16 18:15:00;0.72;4.91;4127.69;MOVE
1;42;1;-2.475;-34.916;2004-04-16 19:00:00;0.01;4.83;13040.1;MOVE
1;43;1;-2.373;-34.923;2004-04-16 19:40:00;0.56;4.74;11368.5;MOVE
1;44;1;-2.322;-34.926;2004-04-16 20:00:00;2.06;4.73;5680.73;MOVE
1;45;1;-2.278;-34.927;2004-04-16 20:18:00;1.82;4.53;4893.84;MOVE
1;46;1;-2.168;-34.933;2004-04-16 21:00:00;0.7;4.86;12249.6;MOVE
1;47;1;-2.026;-34.939;2004-04-16 21:56:00;6.98;4.7;15803.8;MOVE
1;48;1;-1.888;-34.928;2004-04-16 22:53:00;7.62;4.5;15393.5;MOVE
1;49;1;-1.72;-34.937;2004-04-17 00:00:00;3.95;4.65;18707.5;MOVE
1;50;1;-1.655;-34.945;2004-04-17 00:26:00;12.66;4.67;7282.16;MOVE
1;51;1;-1.574;-34.937;2004-04-17 01:00:00;0.13;4.44;9050.58;MOVE
1;52;1;-1.429;-34.923;2004-04-17 02:00:00;2.71;4.5;16198.2;MOVE
1;53;1;-1.327;-34.918;2004-04-17 02:42:00;0.14;4.51;11355.5;MOVE
1;54;1;-1.284;-34.916;2004-04-17 03:00:00;4.87;4.43;4786.55;MOVE
1;55;1;-1.206;-34.919;2004-04-17 03:34:00;5.78;4.25;8679.61;MOVE
1;56;1;-1.142;-34.915;2004-04-17 04:00:00;4.81;4.57;7130.36;MOVE
1;57;1;-1.003;-34.918;2004-04-17 05:00:00;3.28;4.29;15459.7;MOVE
1;58;1;-0.965;-34.921;2004-04-17 05:18:00;2.71;3.92;4238.55;MOVE
1;59;1;-0.87;-34.924;2004-04-17 06:00:00;1.39;4.19;10568.8;MOVE
1;60;1;-0.732;-34.925;2004-04-17 07:00:00;2.1;4.26;15345.3;MOVE
1;61;1;-0.698;-34.924;2004-04-17 07:16:00;0.03;3.94;3782.26;MOVE
1;62;1;-0.594;-34.921;2004-04-17 08:00:00;0.64;4.38;11569.1;MOVE
1;63;1;-0.569;-34.92;2004-04-17 08:12:00;1.77;3.86;2782.1;MOVE
1;64;1;-0.459;-34.919;2004-04-17 09:00:00;1.57;4.25;12232;MOVE
1;65;1;-0.322;-34.914;2004-04-17 10:00:00;0.26;4.23;15243.8;MOVE
1;66;1;-0.249;-34.911;2004-04-17 10:33:00;0.37;4.1;8124.08;MOVE
1;67;1;-0.186;-34.908;2004-04-17 11:00:00;87.27;4.33;7013.22;MOVE
1;68;1;-0.186;-34.906;2004-04-17 11:15:00;90;0.25;222.39;MOVE
1;69;1;-0.099;-34.906;2004-04-17 12:00:00;2.66;3.58;9673.96;MOVE
1;70;1;0.03;-34.9;2004-04-17 12:58:00;1.39;4.13;14359.7;MOVE
1;71;1;0.171;-34.89;2004-04-17 14:00:00;3.43;4.23;15717.9;MOVE
1;72;1;0.263;-34.889;2004-04-17 14:41:00;1.95;4.16;10230.5;MOVE
1;73;1;0.306;-34.89;2004-04-17 15:00:00;0.92;4.2;4782.67;MOVE
1;74;1;0.444;-34.891;2004-04-17 16:00:00;1.71;4.26;15345.3;MOVE
1;75;1;0.498;-34.893;2004-04-17 16:24:00;1.44;4.17;6008.64;MOVE
1;76;1;0.582;-34.894;2004-04-17 17:00:00;0.75;4.32;9341.04;MOVE
1;77;1;0.662;-34.896;2004-04-17 17:35:00;1.43;4.24;8898.37;MOVE
1;78;2;0.725;-34.896;2004-04-17 18:04:00;1.68;4.03;7005.28;STOP
1;79;2;0.861;-34.9;2004-04-17 19:00:00;3.84;4.5;15129;STOP
1;80;2;0.892;-34.903;2004-04-17 19:14:00;4.38;4.12;3463.14;STOP
1;81;2;0.992;-34.905;2004-04-17 19:56:00;1.15;4.41;11121.7;STOP
1;82;2;1.137;-34.905;2004-04-17 20:57:00;15.84;4.41;16123.3;STOP
1;83;2;1.211;-34.926;2004-04-17 21:35:00;12.46;3.75;8553.21;STOP
1;84;2;1.263;-34.954;2004-04-17 22:00:00;2.57;4.38;6566.75;STOP
1;85;2;1.346;-34.994;2004-04-17 22:40:00;47.28;4.27;10244.5;STOP
1;86;2;1.357;-35.03;2004-04-17 23:00:00;67.03;3.49;4184.65;STOP
1;87;2;1.283;-35.092;2004-04-17 23:55:00;63.09;3.25;10733.6;STOP
1;88;2;1.18;-35.048;2004-04-18 00:47:00;0.83;3.99;12453.9;STOP
1;89;2;1.153;-35.036;2004-04-18 01:00:00;1.5;4.21;3285.32;STOP
1;90;2;1.069;-34.996;2004-04-18 01:44:00;1.79;3.92;10345;STOP
1;91;2;1.036;-34.979;2004-04-18 02:00:00;6.45;4.3;4127.57;STOP
1;92;2;0.986;-34.96;2004-04-18 02:25:00;0.43;3.97;5947.51;STOP
1;93;2;0.916;-34.934;2004-04-18 03:00:00;6.34;3.95;8303.08;STOP
1;94;2;0.872;-34.923;2004-04-18 03:22:00;24.16;3.82;5043.12;STOP
1;95;2;0.811;-34.875;2004-04-18 04:00:00;24.87;3.79;8630.69;STOP
1;96;2;0.747;-34.749;2004-04-18 05:05:00;24.78;4.03;15713.2;STOP
1;97;2;0.709;-34.719;2004-04-18 06:07:00;54.89;1.45;5383.32;STOP
1;98;2;0.71;-34.701;2004-04-18 07:00:00;82.25;0.63;2004.44;STOP
1;99;2;0.76;-34.697;2004-04-18 08:00:00;25.5;1.55;5577.51;STOP
1;100;2;0.794;-34.71;2004-04-18 08:23:00;29.84;2.93;4047.51;STOP
1;101;2;0.845;-34.702;2004-04-18 09:00:00;13;2.59;5740.27;STOP
1;102;2;0.901;-34.706;2004-04-18 09:42:00;28.05;2.48;6242.78;STOP
1;103;2;0.919;-34.698;2004-04-18 10:00:00;23.96;2.03;2190.24;STOP
1;104;2;0.932;-34.698;2004-04-18 10:11:00;3.72;2.19;1445.53;STOP
1;105;2;1.009;-34.693;2004-04-18 11:00:00;12.37;2.92;8580.04;STOP
1;106;2;1.101;-34.707;2004-04-18 11:49:00;1.65;3.52;10347.7;STOP
1;107;2;1.112;-34.709;2004-04-18 12:00:00;6.49;1.88;1243.19;STOP
1;108;2;1.165;-34.725;2004-04-18 12:41:00;5.82;2.5;6155.92;STOP
1;109;2;1.189;-34.735;2004-04-18 13:00:00;4.21;2.54;2890.98;STOP
1;110;2;1.274;-34.778;2004-04-18 14:00:00;69.75;2.94;10591.7;STOP
1;111;2;1.271;-34.804;2004-04-18 14:19:00;28.55;2.55;2909.54;STOP
1;112;2;1.233;-34.858;2004-04-18 15:00:00;86.63;2.98;7341.06;STOP
1;113;2;1.212;-34.845;2004-04-18 15:10:00;0.33;4.58;2746.14;STOP
1;114;3;1.104;-34.779;2004-04-18 16:00:00;17.39;4.69;14073.2;MOVE
1;115;3;1.064;-34.769;2004-04-18 16:16:00;2.63;4.78;4584.64;MOVE
1;116;3;0.955;-34.747;2004-04-18 17:00:00;22.62;4.68;12364.6;MOVE
1;117;4;0.844;-34.769;2004-04-18 17:50:00;6.26;4.19;12582.7;STOP
1;118;4;0.682;-34.82;2004-04-18 19:00:00;2.73;4.5;18885;STOP
1;119;4;0.625;-34.835;2004-04-18 19:23:00;0.95;4.75;6553.87;STOP
1;120;4;0.536;-34.86;2004-04-18 20:00:00;1.65;4.63;10279.3;STOP
1;121;4;0.444;-34.883;2004-04-18 20:39:00;1.31;4.51;10544.8;STOP
1;122;4;0.393;-34.897;2004-04-18 21:00:00;3.66;4.67;5880.72;STOP
1;123;4;0.364;-34.903;2004-04-18 21:12:00;44.62;4.57;3292.94;STOP
1;124;4;0.318;-34.972;2004-04-18 22:00:00;76.27;3.2;9221.02;STOP
1;125;4;0.352;-35.009;2004-04-18 22:22:00;6.54;4.23;5587.42;STOP
1;126;4;0.419;-35.067;2004-04-18 23:00:00;71.85;4.32;9853.68;STOP
1;127;4;0.459;-35.043;2004-04-18 23:37:00;22.65;2.34;5186.94;STOP
1;128;4;0.487;-35.005;2004-04-19 00:00:00;0.32;3.8;5248.47;STOP
1;129;4;0.528;-34.95;2004-04-19 00:33:00;0.99;3.85;7627.81;STOP
1;130;4;0.562;-34.906;2004-04-19 01:00:00;0.82;3.82;6182.9;STOP
1;131;4;0.58;-34.882;2004-04-19 01:16:00;0.13;3.47;3335.74;STOP
1;132;4;0.635;-34.809;2004-04-19 02:00:00;0.13;3.85;10162.9;STOP
1;133;4;0.65;-34.789;2004-04-19 02:13:00;3.04;3.56;2779.76;STOP
1;134;4;0.715;-34.692;2004-04-19 03:09:00;20.19;3.86;12983;STOP
1;135;4;0.788;-34.639;2004-04-19 04:00:00;97.38;3.28;10030.7;STOP
1;136;4;0.771;-34.621;2004-04-19 04:48:00;43.36;0.96;2752.92;STOP
1;137;4;0.771;-34.62;2004-04-19 05:00:00;33.69;0.15;111.18;STOP
1;138;4;0.781;-34.605;2004-04-19 05:49:00;78.69;0.68;2004.47;STOP
1;139;4;0.78;-34.604;2004-04-19 06:00:00;12.26;0.24;157.25;STOP
1;140;4;0.771;-34.59;2004-04-19 07:00:00;35.23;0.51;1850.53;STOP
1;141;4;0.729;-34.573;2004-04-19 08:01:00;34.17;1.38;5038.19;STOP
1;142;4;0.622;-34.596;2004-04-19 09:00:00;0.86;3.44;12169.6;STOP
1;143;4;0.596;-34.602;2004-04-19 09:25:00;10.2;1.98;2967.04;STOP
1;144;4;0.555;-34.604;2004-04-19 09:48:00;8.52;3.31;4564.41;STOP
1;145;4;0.545;-34.606;2004-04-19 10:00:00;10.89;1.57;1133.97;STOP
1;146;4;0.447;-34.646;2004-04-19 11:03:00;18.76;3.11;11769.8;STOP
1;147;4;0.364;-34.651;2004-04-19 12:00:00;17.41;2.7;9245.91;STOP
1;148;4;0.343;-34.659;2004-04-19 12:14:00;5.84;2.97;2498.79;STOP
1;149;4;0.261;-34.681;2004-04-19 13:00:00;103.96;3.42;9440.43;STOP
1;150;4;0.297;-34.746;2004-04-19 13:52:00;30.76;2.65;8262.09;STOP
1;151;4;0.369;-34.788;2004-04-19 15:00:00;131.82;2.27;9268.58;STOP
1;152;4;0.36;-34.744;2004-04-19 16:00:00;0.72;1.39;4993.78;STOP
1;153;5;0.333;-34.603;2004-04-19 17:00:00;52.19;4.43;15963.1;MOVE
1;154;5;0.399;-34.528;2004-04-19 17:42:00;47.14;4.41;11108.8;MOVE
1;155;6;0.437;-34.527;2004-04-19 18:00:00;40.17;3.91;4226.87;STOP
1;156;6;0.492;-34.571;2004-04-19 18:29:00;71.9;4.5;7831.84;STOP
1;157;6;0.471;-34.627;2004-04-19 19:00:00;24.34;3.58;6650.14;STOP
1;158;6;0.479;-34.748;2004-04-19 20:03:00;24.69;3.57;13483.5;STOP
1;159;6;0.511;-34.807;2004-04-19 20:31:00;41.8;4.44;7463.11;STOP
1;160;6;0.502;-34.845;2004-04-19 20:49:00;23.98;4.02;4342.14;STOP
1;161;6;0.486;-34.866;2004-04-19 21:00:00;4.94;4.45;2935.56;STOP
1;162;6;0.422;-34.967;2004-04-19 22:00:00;81.87;3.69;13295.3;STOP
1;163;6;0.463;-35.002;2004-04-19 22:23:00;0.44;4.34;5994.15;STOP
1;164;6;0.532;-35.06;2004-04-19 23:00:00;29.87;4.51;10022.8;STOP
1;165;6;0.649;-35.081;2004-04-19 23:52:00;117.18;4.24;13217.7;STOP
11;846;16;1.199;-36.827;2004-08-22 00:00:00;1.20352;2.65327;9551.77;STOP
11;847;16;1.159;-36.781;2004-08-22 00:40:00;22.4259;2.82396;6777.51;STOP
11;848;16;1.145;-36.774;2004-08-22 01:00:00;14.0362;1.45034;1740.41;STOP
11;849;16;1.089;-36.726;2004-08-22 02:09:00;13.5611;1.98084;8200.67;STOP
11;850;16;1.05;-36.672;2004-08-22 03:00:00;5.72872;2.42024;7405.94;STOP
11;851;16;1.003;-36.619;2004-08-22 04:00:00;4.06223;2.18781;7876.1;STOP
11;852;16;0.97;-36.576;2004-08-22 04:31:00;5.30841;3.24009;6026.57;STOP
11;853;16;0.953;-36.549;2004-08-22 05:00:00;4.92113;2.03876;3547.44;STOP
11;854;16;0.897;-36.475;2004-08-22 06:00:00;29.6855;2.86615;10318.1;STOP
11;855;16;0.894;-36.452;2004-08-22 06:15:00;27.2637;2.86537;2578.84;STOP
11;856;16;0.858;-36.4;2004-08-22 07:00:00;74.9315;2.60446;7032.03;STOP
11;857;16;0.869;-36.387;2004-08-22 07:16:00;45.867;1.97235;1893.46;STOP
11;858;16;0.862;-36.316;2004-08-22 07:53:00;0.963824;3.57307;7932.22;STOP
11;859;16;0.854;-36.218;2004-08-22 08:45:00;12.797;3.50389;10932.1;STOP
11;860;16;0.857;-36.197;2004-08-22 08:59:00;84.2558;2.80779;2358.54;STOP
11;861;16;0.953;-36.201;2004-08-22 09:42:00;3.71816;4.14107;10684;STOP
11;862;16;0.996;-36.2;2004-08-22 10:00:00;1.74147;4.4284;4782.67;STOP
11;863;16;1.136;-36.201;2004-08-22 11:00:00;0.409249;4.32436;15567.7;STOP
11;864;16;1.195;-36.201;2004-08-22 11:26:00;0;4.20545;6560.5;STOP
11;865;16;1.276;-36.201;2004-08-22 12:00:00;1.63658;4.41509;9006.79;STOP
11;866;16;1.416;-36.205;2004-08-22 13:00:00;6.12859;4.32601;15573.6;STOP
11;867;16;1.438;-36.208;2004-08-22 13:10:00;2.92117;4.11486;2468.91;STOP
11;868;16;1.556;-36.218;2004-08-22 14:00:00;2.76897;4.38933;13168;STOP
11;869;16;1.694;-36.223;2004-08-22 15:00:00;0.731344;4.26527;15355;STOP
11;870;16;1.796;-36.228;2004-08-22 15:45:00;1.12169;4.20574;11355.5;STOP
11;871;16;1.83;-36.229;2004-08-22 16:00:00;165.321;4.20251;3782.26;STOP
11;872;16;1.817;-36.232;2004-08-22 17:00:00;95.4403;0.41208;1483.49;STOP
11;873;16;1.819;-36.238;2004-08-22 17:24:00;4.39871;0.488153;702.94;STOP
11;874;16;1.822;-36.25;2004-08-22 18:00:00;2.72631;0.636459;1374.75;STOP
11;875;16;1.826;-36.27;2004-08-22 19:00:00;45;0.629677;2266.84;STOP
11;876;16;1.832;-36.274;2004-08-22 19:54:00;145.546;0.247442;801.712;STOP
11;877;16;1.757;-36.275;2004-08-22 20:45:00;15.6256;2.72561;8340.36;STOP
11;878;16;1.74;-36.28;2004-08-22 21:00:00;1.0394;2.18923;1970.31;STOP
11;879;16;1.689;-36.294;2004-08-22 21:32:00;15.8348;3.06278;5880.54;STOP
11;880;16;1.651;-36.317;2004-08-22 22:00:00;32.3307;2.93961;4938.55;STOP
11;881;16;1.601;-36.316;2004-08-22 22:29:00;21.2821;3.19589;5560.86;STOP
11;882;16;1.541;-36.338;2004-08-22 23:00:00;13.2803;3.82028;7105.73;STOP
11;883;16;1.444;-36.402;2004-08-23 00:03:00;45.9454;3.41819;12920.7;STOP
11;884;16;1.417;-36.396;2004-08-23 00:17:00;26.4906;3.66126;3075.45;STOP
11;885;16;1.359;-36.349;2004-08-23 01:00:00;24.088;3.21706;8300.02;STOP
11;886;16;1.254;-36.321;2004-08-23 01:55:00;11.7807;3.66159;12083.3;STOP
11;887;16;1.145;-36.315;2004-08-23 03:00:00;15.8311;3.11246;12138.6;STOP
11;888;16;1.065;-36.333;2004-08-23 04:00:00;14.1878;2.53275;9117.9;STOP
11;889;16;1.027;-36.332;2004-08-23 04:31:00;14.606;2.27251;4226.87;STOP
11;890;16;0.982;-36.319;2004-08-23 05:00:00;42.6785;2.99329;5208.33;STOP
11;891;16;0.922;-36.349;2004-08-23 05:46:00;23.5523;2.70253;7458.98;STOP
11;892;16;0.903;-36.35;2004-08-23 06:00:00;33.9765;2.5186;2115.63;STOP
11;893;16;0.853;-36.32;2004-08-23 07:00:00;56.3525;1.80098;6483.52;STOP
11;894;17;0.85;-36.256;2004-08-23 07:30:00;0.081213;3.9575;7123.5;MOVE
11;895;17;0.847;-36.19;2004-08-23 08:00:00;1.12883;4.08091;7345.64;MOVE
11;896;17;0.844;-36.144;2004-08-23 08:22:00;1.82224;3.88279;5125.28;MOVE
11;897;17;0.843;-36.114;2004-08-23 08:36:00;2.32724;3.97302;3337.34;MOVE
11;898;17;0.839;-36.06;2004-08-23 09:00:00;1.85045;4.18079;6020.33;MOVE
11;899;17;0.836;-35.988;2004-08-23 09:32:00;0.340367;4.17298;8012.13;MOVE
11;900;18;0.833;-35.925;2004-08-23 10:00:00;52.49;4.17409;7012.48;STOP
11;901;18;0.846;-35.914;2004-08-23 10:10:00;40.2364;3.15583;1893.5;STOP
11;902;18;0.963;-35.914;2004-08-23 11:00:00;7.12502;4.3366;13009.8;STOP
11;903;18;0.987;-35.917;2004-08-23 11:11:00;8.60647;4.07491;2689.44;STOP
11;904;18;1.103;-35.914;2004-08-23 12:00:00;2.24994;4.38875;12902.9;STOP
11;905;18;1.195;-35.908;2004-08-23 12:41:00;3.17983;4.16734;10251.7;STOP
11;906;18;1.228;-35.904;2004-08-23 12:55:00;3.50028;4.40033;3696.28;STOP
11;907;18;1.379;-35.895;2004-08-23 14:00:00;0.288814;4.31288;16820.2;STOP
11;908;18;1.434;-35.892;2004-08-23 14:24:00;1.01254;4.25334;6124.81;STOP
11;909;18;1.517;-35.886;2004-08-23 15:00:00;0.558337;4.28391;9253.25;STOP
11;910;18;1.597;-35.881;2004-08-23 15:35:00;4.53118;4.24426;8912.94;STOP
11;911;18;1.657;-35.882;2004-08-23 16:00:00;0.164605;4.44841;6672.62;STOP
11;912;18;1.802;-35.884;2004-08-23 17:00:00;0.790236;4.47911;16124.8;STOP
11;913;18;1.833;-35.884;2004-08-23 17:14:00;65.2249;4.10362;3447.04;STOP
11;914;18;1.839;-35.897;2004-08-23 18:00:00;2.97373;0.576593;1591.4;STOP
11;915;18;1.843;-35.907;2004-08-23 18:34:00;23.1986;0.586801;1197.07;STOP
11;916;18;1.849;-35.913;2004-08-23 19:00:00;12.9946;0.604664;943.275;STOP
11;917;18;1.854;-35.921;2004-08-23 19:31:00;1.68468;0.563773;1048.62;STOP
11;918;18;1.862;-35.933;2004-08-23 20:08:00;10.4915;0.722114;1603.09;STOP
11;919;18;1.865;-35.94;2004-08-23 20:32:00;127.235;0.587817;846.457;STOP
11;920;18;1.833;-35.932;2004-08-23 21:00:00;1.90915;2.18312;3667.64;STOP
11;921;18;1.819;-35.928;2004-08-23 21:14:00;25.8716;1.92733;1618.96;STOP
11;922;18;1.739;-35.942;2004-08-23 22:00:00;7.42778;3.27198;9030.65;STOP
11;923;18;1.723;-35.947;2004-08-23 22:15:00;7.78734;2.07099;1863.89;STOP
11;924;18;1.634;-35.962;2004-08-23 23:00:00;2.96212;3.71696;10035.8;STOP
11;925;18;1.535;-35.984;2004-08-23 23:54:00;3.64335;3.48044;11276.6;STOP
11;926;18;1.435;-36.013;2004-08-24 01:00:00;19.3655;2.92357;11577.3;STOP
11;927;18;1.414;-36.028;2004-08-24 01:33:00;20.2826;1.44914;2869.31;STOP
11;928;18;1.381;-36.037;2004-08-24 02:00:00;10.2082;2.34776;3803.37;STOP
11;929;18;1.297;-36.077;2004-08-24 03:00:00;8.7641;2.87355;10344.8;STOP
11;930;18;1.197;-36.107;2004-08-24 04:08:00;9.86581;2.84531;11608.9;STOP
11;931;18;1.107;-36.152;2004-08-24 05:00:00;0.814577;3.586;11188.3;STOP
11;932;18;1.022;-36.193;2004-08-24 05:57:00;151.83;3.06822;10493.3;STOP
11;933;18;1.093;-36.196;2004-08-24 06:59:00;155.101;2.12416;7901.88;STOP
11;934;18;0.977;-36.244;2004-08-24 08:00:00;72.8687;3.81392;13958.9;STOP
11;935;18;0.929;-36.186;2004-08-24 08:47:00;39.6107;2.96835;8370.75;STOP
11;936;18;0.929;-36.173;2004-08-24 09:00:00;9.68879;1.85301;1445.34;STOP
11;937;18;0.936;-36.132;2004-08-24 09:20:00;3.88165;3.85364;4624.37;STOP
11;938;18;0.95;-36.074;2004-08-24 09:49:00;0.0747011;3.81246;6633.68;STOP
11;939;18;0.956;-36.049;2004-08-24 10:00:00;1.83644;4.33097;2858.44;STOP
11;940;18;0.982;-35.923;2004-08-24 11:00:00;68.2314;3.97327;14303.8;STOP
11;941;18;1.111;-35.9;2004-08-24 12:00:00;3.47678;4.0473;14570.3;STOP
11;942;18;1.154;-35.895;2004-08-24 12:20:00;0.361437;4.01132;4813.58;STOP
11;943;18;1.245;-35.885;2004-08-24 13:00:00;2.48219;4.24151;10179.6;STOP
11;944;18;1.396;-35.875;2004-08-24 14:08:00;2.83405;4.12431;16827.2;STOP
11;945;18;1.516;-35.873;2004-08-24 15:00:00;0.954841;4.27732;13345.2;STOP
11;946;18;1.568;-35.873;2004-08-24 15:23:00;0;4.18995;5782.14;STOP
11;947;18;1.654;-35.873;2004-08-24 16:00:00;1.21029;4.30755;9562.76;STOP
11;948;18;1.796;-35.87;2004-08-24 17:00:00;0.649305;4.387;15793.2;STOP
11;949;18;1.95;-35.865;2004-08-24 18:09:00;178.493;4.13841;17133;STOP
11;950;18;1.933;-35.866;2004-08-24 19:06:00;150.068;0.553678;1893.58;STOP
11;951;18;1.943;-35.871;2004-08-24 19:48:00;8.1301;0.493276;1243.05;STOP
11;952;18;1.946;-35.872;2004-08-24 20:00:00;15.2551;0.488346;351.609;STOP
11;953;18;1.958;-35.88;2004-08-24 20:49:00;11.3099;0.545371;1603.39;STOP
11;954;18;1.96;-35.882;2004-08-24 21:00:00;102.265;0.476386;314.415;STOP
11;955;18;1.932;-35.9;2004-08-24 22:00:00;15.8077;1.02797;3700.68;STOP
11;956;18;1.84;-35.928;2004-08-24 23:00:00;7.41358;2.97021;10692.7;STOP
11;957;18;1.798;-35.947;2004-08-24 23:29:00;92.224;2.94563;5125.39;STOP
11;958;18;1.799;-35.949;2004-08-24 23:44:00;96.5819;0.276157;248.541;STOP
11;959;18;1.777;-35.957;2004-08-25 00:00:00;0.9575;2.71131;2602.86;STOP
11;960;18;1.69;-35.987;2004-08-25 01:08:00;8.35582;2.50796;10232.5;STOP
11;961;18;1.621;-36;2004-08-25 02:00:00;4.08784;2.50235;7807.32;STOP
11;962;18;1.517;-36.012;2004-08-25 03:00:00;4.72799;3.23359;11640.9;STOP
11;963;18;1.442;-36.027;2004-08-25 04:00:00;13.7294;2.36241;8504.67;STOP
11;964;18;1.371;-36.024;2004-08-25 05:00:00;33.221;2.19497;7901.88;STOP
11;965;18;1.319;-36.055;2004-08-25 05:36:00;12.9826;3.11628;6731.17;STOP
11;966;18;1.291;-36.064;2004-08-25 06:00:00;3.21862;2.27101;3270.26;STOP
11;967;18;1.226;-36.089;2004-08-25 06:42:00;18.4349;3.07285;7743.59;STOP
11;968;18;1.209;-36.103;2004-08-25 07:00:00;7.6805;2.26721;2448.59;STOP
11;969;18;1.145;-36.172;2004-08-25 07:48:00;24.9039;3.63318;10463.5;STOP
11;970;18;1.123;-36.181;2004-08-25 08:00:00;41.1859;3.67083;2643;STOP
11;971;18;1.117;-36.193;2004-08-25 08:16:00;68.4047;1.55376;1491.61;STOP
11;972;18;1.048;-36.187;2004-08-25 09:00:00;9.93948;2.91719;7701.39;STOP
11;973;18;1.002;-36.191;2004-08-25 09:22:00;116.969;3.88959;5134.26;STOP
11;974;18;1.05;-36.268;2004-08-25 10:00:00;11.9382;4.42465;10088.2;STOP
11;975;18;1.125;-36.346;2004-08-25 10:43:00;0.666608;4.66321;12031.1;STOP
11;976;18;1.156;-36.379;2004-08-25 11:00:00;0.629599;4.93533;5034.03;STOP
11;977;18;1.258;-36.49;2004-08-25 11:58:00;21.3984;4.81621;16760.4;STOP
11;978;18;1.385;-36.552;2004-08-25 13:00:00;28.1422;4.22417;15713.9;STOP
11;979;18;1.493;-36.548;2004-08-25 13:46:00;5.58933;4.35409;12017.3;STOP
11;980;18;1.526;-36.55;2004-08-25 14:00:00;2.43791;4.37638;3676.16;STOP
11;981;18;1.671;-36.565;2004-08-25 15:00:00;3.55618;4.50257;16209.2;STOP
11;982;18;1.695;-36.569;2004-08-25 15:11:00;3.3301;4.09918;2705.46;STOP
11;983;18;1.816;-36.582;2004-08-25 16:00:00;52.904;4.6027;13531.9;STOP
11;984;18;1.819;-36.587;2004-08-25 16:50:00;6.91123;0.216044;648.132;STOP
11;985;18;1.833;-36.605;2004-08-25 17:41:00;2.33731;0.828377;2534.83;STOP
11;986;18;1.838;-36.612;2004-08-25 18:00:00;69.2277;0.838781;956.21;STOP
11;987;18;1.83;-36.624;2004-08-25 19:00:00;52.125;0.445308;1603.11;STOP
11;988;18;1.831;-36.627;2004-08-25 19:11:00;24.2744;0.532527;351.468;STOP
11;989;18;1.843;-36.64;2004-08-25 20:00:00;12.9645;0.668943;1966.69;STOP
11;990;18;1.847;-36.647;2004-08-25 20:26:00;156.615;0.574443;896.132;STOP
11;991;18;1.843;-36.644;2004-08-25 21:00:00;36.8699;0.272486;555.871;STOP
11;992;18;1.77;-36.644;2004-08-25 21:51:00;3.94519;2.65269;8117.23;STOP
11;993;18;1.741;-36.642;2004-08-25 22:05:00;14.5991;3.84798;3232.31;STOP
11;994;18;1.64;-36.661;2004-08-25 23:01:00;15.9278;3.40104;11427.5;STOP
11;995;18;1.575;-36.655;2004-08-25 23:34:00;19.0102;3.66585;7258.37;STOP
21;1002;28;0.137;-37.248;2004-08-07 01:00:00;6.18862;2.6744;9627.83;STOP
21;1003;28;0.118;-37.241;2004-08-07 01:17:00;19.4291;2.20738;2251.52;STOP
21;1004;28;0.046;-37.24;2004-08-07 02:00:00;7.50142;3.10341;8006.81;STOP
21;1005;28;-0.05;-37.226;2004-08-07 03:00:00;13.601;2.99656;10787.6;STOP
21;1006;28;-0.152;-37.185;2004-08-07 04:00:00;34.427;3.39552;12223.9;STOP
21;1007;28;-0.17;-37.189;2004-08-07 04:12:00;24.7494;2.84768;2050.33;STOP
21;1008;28;-0.237;-37.24;2004-08-07 05:00:00;0.955651;3.25098;9362.83;STOP
21;1009;29;-0.27;-37.266;2004-08-07 05:51:00;13.0145;1.52663;4671.49;MOVE
21;1010;29;-0.331;-37.342;2004-08-07 07:00:00;34.9882;2.61742;10836.1;MOVE
21;1011;29;-0.355;-37.349;2004-08-07 07:21:00;61.9039;2.20625;2779.87;MOVE
21;1012;29;-0.399;-37.304;2004-08-07 08:04:00;178.669;2.71246;6998.14;MOVE
21;1013;30;-0.371;-37.334;2004-08-07 09:00:00;5.45647;1.35804;4563;STOP
21;1014;30;-0.331;-37.386;2004-08-07 09:47:00;29.2328;2.58682;7294.84;STOP
21;1015;30;-0.198;-37.443;2004-08-07 11:00:00;13.1906;3.67348;16089.8;STOP
21;1016;30;-0.164;-37.449;2004-08-07 11:17:00;0.458846;3.76377;3839.04;STOP
21;1017;30;-0.057;-37.467;2004-08-07 12:09:00;6.39842;3.867;12065;STOP
21;1018;30;0.052;-37.473;2004-08-07 13:00:00;0.0587699;3.96686;12138.6;STOP
21;1019;30;0.159;-37.479;2004-08-07 13:52:00;86.7905;3.81941;11916.5;STOP
21;1020;30;0.299;-37.487;2004-08-07 15:00:00;3.09593;3.89767;15668.6;STOP
21;1021;30;0.416;-37.48;2004-08-07 16:00:00;1.94712;3.6203;13033.1;STOP
21;1022;30;0.533;-37.469;2004-08-07 17:00:00;2.75911;3.62977;13067.2;STOP
21;1023;30;0.61;-37.458;2004-08-07 18:00:00;98.1301;2.40248;8648.93;STOP
21;1024;30;0.61;-37.471;2004-08-07 18:30:00;0;0.803029;1445.45;STOP
21;1025;30;0.61;-37.484;2004-08-07 19:00:00;7.69605;0.803029;1445.45;STOP
21;1026;30;0.605;-37.521;2004-08-07 20:00:00;131.118;1.15316;4151.38;STOP
21;1027;30;0.591;-37.505;2004-08-07 20:51:00;63.0126;0.772537;2363.96;STOP
21;1028;30;0.508;-37.526;2004-08-07 22:00:00;4.02304;2.29951;9519.97;STOP
21;1029;30;0.469;-37.533;2004-08-07 22:21:00;7.64939;3.49674;4405.9;STOP
21;1030;30;0.401;-37.536;2004-08-07 23:00:00;2.52612;3.23445;7568.61;STOP
21;1031;30;0.378;-37.536;2004-08-07 23:12:00;3.01279;3.55206;2557.48;STOP
21;1032;30;0.302;-37.54;2004-08-08 00:00:00;4.89438;2.93837;8462.51;STOP
21;1033;30;0.23;-37.55;2004-08-08 00:51:00;26.1885;2.64146;8082.88;STOP
21;1034;30;0.118;-37.513;2004-08-08 02:00:00;16.7107;3.16807;13115.8;STOP
21;1035;30;0.038;-37.457;2004-08-08 03:00:00;7.04704;3.01624;10858.5;STOP
21;1036;31;-0.023;-37.402;2004-08-08 03:50:00;59.9815;3.0443;9132.89;MOVE
21;1037;31;-0.128;-37.436;2004-08-08 05:00:00;52.0784;2.92198;12272.3;MOVE
21;1038;31;-0.187;-37.396;2004-08-08 05:43:00;26.5413;3.07213;7926.09;MOVE
21;1039;31;-0.202;-37.394;2004-08-08 06:00:00;93.6942;1.64969;1682.68;MOVE
21;1040;31;-0.205;-37.438;2004-08-08 07:00:00;152.671;1.3622;4903.9;MOVE
21;1041;31;-0.218;-37.408;2004-08-08 07:41:00;0.123571;1.47787;3635.56;MOVE
21;1042;31;-0.235;-37.369;2004-08-08 08:00:00;14.1921;4.1497;4730.66;MOVE
21;1043;31;-0.25;-37.278;2004-08-08 08:43:00;15.5304;3.97488;10255.2;MOVE
21;1044;31;-0.246;-37.241;2004-08-08 09:00:00;1.1822;4.05701;4138.15;MOVE
21;1045;31;-0.242;-37.21;2004-08-08 09:16:00;7.35238;3.6204;3475.59;MOVE
21;1046;31;-0.242;-37.11;2004-08-08 10:00:00;7.33861;4.21189;11119.4;MOVE
21;1047;32;-0.259;-36.978;2004-08-08 11:00:00;0.42656;4.11078;14798.8;STOP
21;1048;32;-0.277;-36.846;2004-08-08 12:00:00;0.487363;4.11484;14813.4;STOP
21;1049;32;-0.296;-36.715;2004-08-08 13:00:00;5.64997;4.08855;14718.8;STOP
21;1050;32;-0.299;-36.649;2004-08-08 13:31:00;65.5305;3.94965;7346.34;STOP
21;1051;32;-0.254;-36.626;2004-08-08 14:00:00;21.4048;3.22957;5619.46;STOP
21;1052;32;-0.123;-36.613;2004-08-08 15:01:00;6.76595;3.99948;14638.1;STOP
21;1053;32;0.004;-36.585;2004-08-08 16:00:00;1.00613;4.085;14460.9;STOP
21;1054;32;0.098;-36.566;2004-08-08 16:44:00;1.96478;4.03928;10663.7;STOP
21;1055;32;0.134;-36.56;2004-08-08 17:00:00;38.0906;4.22733;4058.23;STOP
21;1056;32;0.209;-36.478;2004-08-08 18:00:00;61.6778;3.4324;12356.6;STOP
21;1057;32;0.194;-36.435;2004-08-08 18:23:00;45.9942;3.66951;5063.92;STOP
21;1058;32;0.129;-36.405;2004-08-08 19:00:00;27.5015;3.58574;7960.34;STOP
21;1059;32;0.045;-36.409;2004-08-08 19:39:00;4.7051;3.99614;9350.96;STOP
21;1060;32;-0.001;-36.415;2004-08-08 20:00:00;0.306392;4.09388;5158.29;STOP
21;1061;32;-0.041;-36.42;2004-08-08 20:22:00;56.3099;3.39577;4482.41;STOP
21;1062;32;-0.042;-36.422;2004-08-08 20:24:00;52.125;2.07199;248.639;STOP
21;1063;32;-0.122;-36.438;2004-08-08 21:00:00;12.6126;4.19989;9071.76;STOP
21;1064;32;-0.255;-36.497;2004-08-08 22:06:00;6.27238;4.08554;16178.8;STOP
21;1065;32;-0.321;-36.518;2004-08-08 23:00:00;157.776;2.37697;7701.39;STOP
21;1066;32;-0.246;-36.524;2004-08-08 23:45:00;11.4167;3.09862;8366.26;STOP
21;1067;32;-0.221;-36.521;2004-08-09 00:00:00;11.5922;3.11091;2799.82;STOP
21;1068;32;-0.173;-36.505;2004-08-09 00:32:00;20.596;2.93024;5626.06;STOP
21;1069;32;-0.12;-36.507;2004-08-09 01:00:00;4.52245;3.51043;5897.53;STOP
21;1070;32;-0.023;-36.503;2004-08-09 02:00:00;13.6713;2.99863;10795.1;STOP
21;1071;32;-0.003;-36.507;2004-08-09 02:11:00;9.99302;3.43627;2267.94;STOP
21;1072;32;0.084;-36.509;2004-08-09 03:00:00;15.0777;3.29133;9676.51;STOP
21;1073;32;0.133;-36.497;2004-08-09 03:41:00;40.7015;2.28031;5609.56;STOP
21;1074;32;0.153;-36.469;2004-08-09 04:00:00;32.0695;3.35626;3826.13;STOP
21;1075;32;0.159;-36.37;2004-08-09 05:00:00;60.6397;3.06346;11028.5;STOP
21;1076;32;0.128;-36.35;2004-08-09 05:20:00;25.4289;3.41847;4102.17;STOP
21;1077;32;0.051;-36.34;2004-08-09 06:00:00;5.39004;3.59746;8633.91;STOP
21;1078;32;-0.006;-36.338;2004-08-09 06:30:00;8.71939;3.52334;6342.01;STOP
21;1079;32;-0.057;-36.344;2004-08-09 07:00:00;31.7267;3.17225;5710.05;STOP
21;1080;32;-0.087;-36.33;2004-08-09 07:17:00;47.1524;3.60903;3681.21;STOP
21;1081;32;-0.146;-36.354;2004-08-09 08:00:00;103.137;2.74516;7082.51;STOP
21;1082;32;-0.088;-36.436;2004-08-09 09:05:00;52.238;2.86367;11168.3;STOP
21;1083;32;0.027;-36.441;2004-08-09 10:00:00;1.59606;3.87864;12799.5;STOP
21;1084;32;0.111;-36.447;2004-08-09 10:40:00;1.35931;3.90174;9364.17;STOP
21;1085;32;0.153;-36.449;2004-08-09 11:00:00;2.72631;3.89623;4675.48;STOP
21;1086;32;0.216;-36.449;2004-08-09 11:31:00;0.954841;3.76628;7005.28;STOP
21;1087;32;0.276;-36.448;2004-08-09 12:00:00;1.38563;3.83484;6672.62;STOP
21;1088;32;0.409;-36.449;2004-08-09 13:05:00;2.2199;3.79214;14789.3;STOP
21;1089;32;0.517;-36.454;2004-08-09 14:00:00;3.25545;3.643;12021.9;STOP
21;1090;32;0.633;-36.466;2004-08-09 15:00:00;3.80449;3.60207;12967.4;STOP
21;1091;32;0.742;-36.47;2004-08-09 16:00:00;127.094;3.369;12128.4;STOP
21;1092;32;0.728;-36.45;2004-08-09 16:33:00;135.546;1.37094;2714.46;STOP
21;1093;32;0.726;-36.462;2004-08-09 17:00:00;1.86768;0.834962;1352.64;STOP
21;1094;32;0.724;-36.477;2004-08-09 17:35:00;3.78057;0.801215;1682.55;STOP
21;1095;32;0.723;-36.492;2004-08-09 18:08:00;53.7147;0.844189;1671.49;STOP
21;1096;32;0.712;-36.499;2004-08-09 19:00:00;26.5651;0.46467;1449.77;STOP
21;1097;32;0.709;-36.504;2004-08-09 19:14:00;49.9342;0.771828;648.336;STOP
21;1098;32;0.72;-36.536;2004-08-09 20:01:00;106.108;1.33416;3762.34;STOP
21;1099;32;0.64;-36.54;2004-08-09 21:00:00;9.27442;2.51602;8906.71;STOP
21;1100;32;0.547;-36.56;2004-08-09 22:00:00;22.1788;2.9382;10577.5;STOP
21;1101;32;0.451;-36.543;2004-08-09 23:00:00;40.1524;3.01133;10840.8;STOP
21;1102;32;0.431;-36.519;2004-08-09 23:33:00;26.0922;1.75443;3473.78;STOP
21;1103;32;0.393;-36.502;2004-08-10 00:00:00;6.36331;2.85738;4628.95;STOP
21;1104;32;0.376;-36.492;2004-08-10 00:11:00;25.7577;3.32287;2193.09;STOP
21;1105;32;0.291;-36.485;2004-08-10 01:00:00;7.82096;3.2257;9483.56;STOP
21;1106;32;0.228;-36.471;2004-08-10 01:41:00;12.5288;2.91714;7176.16;STOP
21;1107;32;0.205;-36.471;2004-08-10 02:00:00;20.4099;2.24341;2557.48;STOP
21;1108;32;0.119;-36.439;2004-08-10 03:00:00;23.7087;2.83425;10203.3;STOP
21;1109;32;0.086;-36.407;2004-08-10 03:29:00;34.846;2.93755;5111.34;STOP
21;1110;32;0.037;-36.399;2004-08-10 04:00:00;23.7251;2.96811;5520.69;STOP
21;1111;33;-0.04;-36.349;2004-08-10 05:00:00;2.92912;2.83577;10208.8;MOVE
21;1112;33;-0.059;-36.338;2004-08-10 05:13:00;6.11104;3.12978;2441.23;MOVE
21;1113;33;-0.126;-36.289;2004-08-10 06:04:00;8.77205;3.01629;9229.84;MOVE
21;1114;33;-0.207;-36.247;2004-08-10 07:00:00;170.325;3.01952;10145.6;MOVE
21;1115;34;-0.121;-36.312;2004-08-10 07:53:00;13.4877;3.76946;11986.9;STOP
21;1116;34;-0.034;-36.35;2004-08-10 08:36:00;1.54997;4.09166;10556.5;STOP
21;1117;34;0.015;-36.373;2004-08-10 09:00:00;0.262932;4.17981;6018.92;STOP
21;1118;34;0.135;-36.43;2004-08-10 10:00:00;1.97903;4.10339;14772.2;STOP
21;1119;34;0.165;-36.443;2004-08-10 10:15:00;19.7765;4.03953;3635.58;STOP
21;1120;34;0.212;-36.446;2004-08-10 10:39:00;2.68797;3.63666;5236.8;STOP
21;1121;34;0.257;-36.451;2004-08-10 11:00:00;7.23537;3.99569;5034.56;STOP
21;1122;34;0.385;-36.449;2004-08-10 12:00:00;0.895174;3.95408;14234.7;STOP
21;1123;34;0.413;-36.449;2004-08-10 12:13:00;2.97373;3.99161;3113.46;STOP
21;1124;34;0.49;-36.453;2004-08-10 12:51:00;1.45583;3.76033;8573.55;STOP
21;1125;34;0.632;-36.464;2004-08-10 14:00:00;2.5515;3.82536;15837;STOP
21;1126;34;0.681;-36.47;2004-08-10 14:25:00;0.926105;3.65949;5489.24;STOP
21;1127;34;0.753;-36.48;2004-08-10 15:00:00;1.11819;3.84899;8082.87;STOP
21;1128;34;0.879;-36.495;2004-08-10 16:00:00;2.49982;3.9193;14109.5;STOP
21;1129;34;0.919;-36.498;2004-08-10 16:23:00;128.728;3.23209;4460.29;STOP
21;1130;34;0.895;-36.463;2004-08-10 17:00:00;152.271;2.12545;4718.51;STOP
21;1131;34;0.899;-36.497;2004-08-10 18:02:00;4.32389;1.02318;3806.24;STOP
21;1132;34;0.9;-36.521;2004-08-10 18:49:00;2.38594;0.947044;2670.67;STOP
21;1133;34;0.9;-36.527;2004-08-10 19:00:00;2.72631;1.01074;667.087;STOP
21;1134;34;0.901;-36.548;2004-08-10 19:41:00;2.72631;0.950184;2337.45;STOP
21;1135;34;0.901;-36.567;2004-08-10 20:00:00;36.8699;1.85302;2112.44;STOP
21;1136;34;0.898;-36.571;2004-08-10 20:32:00;72.7839;0.289547;555.931;STOP
21;1137;34;0.884;-36.566;2004-08-10 21:00:00;34.9089;0.983934;1653.01;STOP
21;1138;34;0.862;-36.572;2004-08-10 21:15:00;11.3099;2.81735;2535.61;STOP
21;1139;34;0.828;-36.589;2004-08-10 21:39:00;14.4703;2.93526;4226.78;STOP
21;1140;34;0.786;-36.598;2004-08-10 22:00:00;2.7177;3.79062;4776.19;STOP
21;1141;34;0.677;-36.616;2004-08-10 23:00:00;15.4495;3.41233;12284.4;STOP
21;1142;34;0.63;-36.611;2004-08-10 23:22:00;4.60366;3.98155;5255.65;STOP
21;1143;34;0.591;-36.61;2004-08-10 23:46:00;28.0339;3.01252;4338.03;STOP
31;857;8;4.269;-42.88;2004-07-02 00:00:00;41.04;3.11;7101.5;STOP
31;858;8;4.268;-42.882;2004-07-02 01:00:00;18.43;0.07;248.09;STOP
31;859;8;4.264;-42.886;2004-07-02 01:39:00;45;0.27;628.14;STOP
31;860;8;4.264;-42.888;2004-07-02 02:00:00;28.61;0.18;221.77;STOP
31;861;8;4.258;-42.899;2004-07-02 03:00:00;10.68;0.39;1390.3;STOP
31;862;8;4.249;-42.91;2004-07-02 04:09:00;10.23;0.38;1577.77;STOP
31;863;8;4.244;-42.919;2004-07-02 05:00:00;18.43;0.37;1142.42;STOP
31;864;8;4.232;-42.93;2004-07-02 06:00:00;126.96;0.5;1807.86;STOP
31;865;8;4.225;-42.858;2004-07-02 07:00:00;137.58;2.23;8022.09;STOP
31;866;8;4.222;-42.862;2004-07-02 07:14:00;84.09;0.66;555.01;STOP
31;867;8;4.217;-42.859;2004-07-02 08:00:00;15.88;0.23;647.91;STOP
31;868;8;4.202;-42.843;2004-07-02 08:43:00;12.19;0.94;2435.2;STOP
31;869;8;4.196;-42.833;2004-07-02 09:00:00;2.46;1.27;1294.19;STOP
31;870;8;4.163;-42.783;2004-07-02 10:00:00;26.51;1.85;6649.16;STOP
31;871;8;4.144;-42.772;2004-07-02 10:22:00;35.49;1.85;2439.62;STOP
31;872;8;4.139;-42.761;2004-07-02 10:36:00;1.96;1.6;1340.67;STOP
31;873;8;4.127;-42.732;2004-07-02 11:00:00;11.4;2.42;3482.07;STOP
31;874;8;4.08;-42.662;2004-07-02 12:00:00;2.69;2.6;9358.83;STOP
31;875;8;4.057;-42.631;2004-07-02 12:33:00;11.37;2.16;4285.21;STOP
31;876;8;4.041;-42.597;2004-07-02 13:00:00;4.88;2.57;4169.79;STOP
31;877;8;4.011;-42.516;2004-07-02 14:00:00;0.34;2.66;9583.85;STOP
31;878;8;4.007;-42.505;2004-07-02 14:16:00;12.66;1.35;1298.69;STOP
31;879;8;3.998;-42.435;2004-07-02 15:00:00;3.05;2.97;7828.89;STOP
31;880;8;3.985;-42.364;2004-07-02 16:00:00;10.94;2.22;8007.25;STOP
31;881;8;3.953;-42.282;2004-07-02 17:00:00;62.83;2.71;9767.31;STOP
31;882;8;3.914;-42.278;2004-07-02 18:07:00;130.75;1.08;4359.24;STOP
31;883;8;3.997;-42.397;2004-07-02 19:00:00;0.28;5.07;16107;STOP
31;884;8;4.075;-42.51;2004-07-02 19:51:00;0.42;4.98;15242.1;STOP
31;885;8;4.181;-42.666;2004-07-02 21:00:00;8.94;5.06;20934.8;STOP
31;886;8;4.231;-42.772;2004-07-02 21:44:00;5.68;4.93;13003.4;STOP
31;887;8;4.247;-42.817;2004-07-02 22:00:00;0.98;5.52;5297.75;STOP
31;888;8;4.304;-42.969;2004-07-02 23:00:00;2.12;5;18006.9;STOP
31;889;8;4.331;-43.05;2004-07-02 23:32:00;13.24;4.93;9469.74;STOP
31;890;8;4.332;-43.061;2004-07-03 00:00:00;158.63;0.73;1224.71;STOP
31;891;8;4.275;-42.947;2004-07-03 01:00:00;9.64;3.93;14140.5;STOP
31;892;8;4.268;-42.924;2004-07-03 01:11:00;3.43;4.04;2666.51;STOP
31;893;8;4.232;-42.827;2004-07-03 02:00:00;5.22;3.9;11477;STOP
31;894;8;4.176;-42.71;2004-07-03 03:00:00;2.55;4;14391.7;STOP
31;895;8;4.114;-42.594;2004-07-03 04:01:00;3.19;3.99;14595.7;STOP
31;896;8;4.061;-42.48;2004-07-03 05:00:00;2.17;3.94;13950;STOP
31;897;8;4.018;-42.396;2004-07-03 05:45:00;0.54;3.88;10472.4;STOP
31;898;8;4.003;-42.366;2004-07-03 06:00:00;158.55;4.14;3722.29;STOP
31;899;8;4.013;-42.375;2004-07-03 07:00:00;80.65;0.42;1494.34;STOP
31;900;8;4.018;-42.371;2004-07-03 08:00:00;29.54;0.2;711.31;STOP
31;901;8;4.02;-42.366;2004-07-03 08:21:00;129.9;0.47;597.53;STOP
31;902;8;4.034;-42.392;2004-07-03 08:40:00;2.59;2.87;3277.26;STOP
31;903;8;4.047;-42.419;2004-07-03 09:00:00;5.34;2.77;3325.42;STOP
31;904;8;4.106;-42.517;2004-07-03 10:09:00;1.07;3.07;12695.9;STOP
31;905;8;4.136;-42.569;2004-07-03 11:00:00;6.52;2.18;6662.46;STOP
31;906;8;4.173;-42.619;2004-07-03 11:49:00;2.81;2.35;6904.73;STOP
31;907;8;4.185;-42.637;2004-07-03 12:00:00;5.78;3.64;2401.09;STOP
31;908;8;4.199;-42.654;2004-07-03 12:13:00;0.89;3.13;2444.91;STOP
31;909;8;4.25;-42.714;2004-07-03 13:00:00;6.13;3.1;8742.4;STOP
31;910;8;4.299;-42.786;2004-07-03 13:52:00;20.02;3.1;9665.78;STOP
31;911;8;4.318;-42.861;2004-07-03 15:00:00;12.95;2.1;8580.22;STOP
31;912;8;4.357;-42.937;2004-07-03 16:00:00;36.07;2.63;9477.02;STOP
31;913;8;4.344;-43.02;2004-07-03 16:51:00;9.53;3.04;9315.43;STOP
31;914;8;4.334;-43.05;2004-07-03 17:43:00;122.39;1.12;3507.22;STOP
31;915;8;4.312;-43.023;2004-07-03 18:00:00;70.59;3.79;3866.1;STOP
31;916;8;4.248;-43.046;2004-07-03 18:30:00;2.36;4.2;7559.66;STOP
31;917;8;4.181;-43.067;2004-07-03 19:00:00;3.31;4.34;7805.55;STOP
31;918;8;4.099;-43.098;2004-07-03 19:36:00;1.58;4.51;9744.63;STOP
31;919;8;4.05;-43.115;2004-07-03 20:00:00;0.56;4;5765.58;STOP
31;920;8;3.922;-43.158;2004-07-03 21:00:00;2.59;4.17;15010.9;STOP
31;921;8;3.891;-43.17;2004-07-03 21:15:00;0.08;4.11;3695.17;STOP
31;922;8;3.795;-43.207;2004-07-03 22:00:00;1.49;4.24;11436.8;STOP
31;923;8;3.677;-43.249;2004-07-03 22:54:00;1.16;4.3;13924;STOP
31;924;8;3.539;-43.295;2004-07-04 00:00:00;34.38;4.08;16171.7;STOP
31;925;8;3.532;-43.293;2004-07-04 00:52:00;85.36;0.26;809.4;STOP
31;926;8;3.533;-43.288;2004-07-04 02:00:00;56.31;0.14;565.95;STOP
31;927;8;3.531;-43.286;2004-07-04 02:27:00;0;0.19;314.21;STOP
31;928;8;3.53;-43.285;2004-07-04 03:00:00;18.43;0.08;157.1;STOP
31;929;8;3.526;-43.283;2004-07-04 03:47:00;26.57;0.18;497.09;STOP
31;930;8;3.524;-43.283;2004-07-04 04:00:00;0;0.29;222.39;STOP
31;931;8;3.521;-43.283;2004-07-04 05:00:00;51.34;0.09;333.58;STOP
31;932;8;3.517;-43.278;2004-07-04 06:00:00;17.81;0.2;711.18;STOP
31;933;8;3.509;-43.257;2004-07-04 06:13:00;4.16;3.2;2494.7;STOP
31;934;8;3.482;-43.167;2004-07-04 07:00:00;12.06;3.7;10430.3;STOP
31;935;8;3.479;-43.13;2004-07-04 08:06:00;69.4;1.04;4120.15;STOP
31;936;8;3.566;-43.089;2004-07-04 09:00:00;4.51;3.3;10690.7;STOP
31;937;8;3.615;-43.061;2004-07-04 09:55:00;9.81;1.9;6272.35;STOP
31;938;8;3.706;-43.028;2004-07-04 11:00:00;4.31;2.76;10761;STOP
31;939;8;3.799;-43.002;2004-07-04 11:48:00;0.36;3.73;10736;STOP
31;940;8;3.821;-42.996;2004-07-04 12:00:00;5.97;3.52;2535.25;STOP
31;941;8;3.924;-42.956;2004-07-04 13:00:00;0.81;3.41;12282.7;STOP
31;942;8;3.966;-42.939;2004-07-04 13:28:00;12.03;3;5036.57;STOP
31;943;8;4.017;-42.93;2004-07-04 14:00:00;17.31;3;5758.14;STOP
31;944;8;4.134;-42.945;2004-07-04 15:00:00;4.41;3.64;13115.8;STOP
31;945;8;4.233;-42.95;2004-07-04 16:00:00;36.91;3.06;11022.2;STOP
31;946;9;4.269;-42.98;2004-07-04 16:46:00;65.13;1.89;5204.89;MOVE
31;947;9;4.261;-43.01;2004-07-04 17:00:00;2.17;4.1;3443.49;MOVE
31;948;9;4.221;-43.14;2004-07-04 18:00:00;1.72;4.19;15086.3;MOVE
31;949;9;4.206;-43.184;2004-07-04 18:20:00;2.43;4.3;5156.55;MOVE
31;950;9;4.171;-43.274;2004-07-04 19:03:00;0.38;4.15;10712.8;MOVE
31;951;9;4.125;-43.39;2004-07-04 20:00:00;6.7;4.05;13844.4;MOVE
31;952;9;4.093;-43.51;2004-07-04 21:00:00;0.32;3.83;13776.5;MOVE
31;953;9;4.087;-43.532;2004-07-04 21:10:00;2.51;4.22;2529.62;MOVE
31;954;9;4.054;-43.635;2004-07-04 22:00:00;1.62;4;11999;MOVE
31;955;9;4.032;-43.711;2004-07-04 22:36:00;0.34;4.06;8777.56;MOVE
31;956;9;4.017;-43.764;2004-07-04 23:00:00;2.43;4.24;6110.83;MOVE
31;957;9;3.988;-43.886;2004-07-05 00:00:00;6.25;3.86;13911.6;MOVE
31;958;9;3.981;-43.942;2004-07-05 00:29:00;4.36;3.6;6260.44;MOVE
31;959;9;3.968;-44.006;2004-07-05 01:00:00;2.12;3.9;7245.03;MOVE
31;960;9;3.938;-44.13;2004-07-05 02:00:00;2.04;3.93;14154.1;MOVE
31;961;9;3.931;-44.155;2004-07-05 02:12:00;1.87;4;2880.48;MOVE
31;962;9;3.906;-44.257;2004-07-05 03:00:00;1.98;4.05;11651.8;MOVE
31;963;9;3.884;-44.335;2004-07-05 03:37:00;1.99;4.05;8992.31;MOVE
31;964;9;3.868;-44.385;2004-07-05 04:00:00;7.16;4.22;5825.36;MOVE
31;965;9;3.848;-44.492;2004-07-05 05:00:00;0.1;3.35;12077.4;MOVE
31;966;9;3.843;-44.519;2004-07-05 05:16:00;2.12;3.17;3046.66;MOVE
31;967;9;3.826;-44.595;2004-07-05 06:00:00;1.93;3.27;8641.19;MOVE
31;968;9;3.798;-44.703;2004-07-05 07:00:00;0.21;3.44;12380.4;MOVE
31;969;9;3.783;-44.76;2004-07-05 07:28:00;2.36;3.89;6540.49;MOVE
31;970;9;3.763;-44.825;2004-07-05 08:00:00;2.31;3.93;7547.1;MOVE
31;971;9;3.72;-44.947;2004-07-05 09:00:00;5.03;3.99;14356.5;MOVE
31;972;9;3.71;-44.969;2004-07-05 09:12:00;4.79;3.73;2682.47;MOVE
31;973;9;3.7;-44.997;2004-07-05 09:26:00;3.26;3.93;3299.94;MOVE
31;974;9;3.68;-45.065;2004-07-05 10:00:00;0.32;3.86;7866.48;MOVE
31;975;9;3.646;-45.183;2004-07-05 11:00:00;4.58;3.79;13629;MOVE
31;976;9;3.634;-45.242;2004-07-05 11:29:00;1.93;3.84;6681.85;MOVE
31;977;9;3.618;-45.309;2004-07-05 12:00:00;0.21;4.11;7645.04;MOVE
31;978;9;3.585;-45.445;2004-07-05 13:03:00;1.48;4.11;15532.3;MOVE
31;979;9;3.557;-45.575;2004-07-05 14:00:00;2.91;4.32;14759.4;MOVE
31;980;9;3.543;-45.661;2004-07-05 14:37:00;1.87;4.36;9670.53;MOVE
31;981;9;3.532;-45.717;2004-07-05 15:00:00;1.76;4.59;6334.27;MOVE
31;982;9;3.5;-45.857;2004-07-05 16:00:00;1.96;4.43;15940.2;MOVE
31;983;9;3.484;-45.94;2004-07-05 16:34:00;0.22;4.6;9382.27;MOVE
31;984;10;3.472;-46.001;2004-07-05 17:00:00;0.38;4.42;6900.63;STOP
31;985;10;3.442;-46.159;2004-07-05 18:04:00;1.16;4.65;17851.3;STOP
31;986;10;3.43;-46.23;2004-07-05 18:32:00;0.91;4.76;7992.81;STOP
31;987;10;3.419;-46.302;2004-07-05 19:00:00;1.65;4.81;8084.8;STOP
31;988;10;3.4;-46.456;2004-07-05 20:00:00;0.78;4.78;17223.8;STOP
31;989;10;3.393;-46.507;2004-07-05 20:20:00;0;4.76;5714.24;STOP
31;990;10;3.379;-46.609;2004-07-05 21:00:00;1.77;4.76;11428.6;STOP
31;991;10;3.361;-46.779;2004-07-05 22:09:00;6.48;4.58;18976.3;STOP
31;992;10;3.343;-46.86;2004-07-05 22:42:00;2.66;4.65;9211.46;STOP
31;993;10;3.335;-46.906;2004-07-05 23:00:00;1.5;4.8;5183.19;STOP
31;994;10;3.31;-47.076;2004-07-06 00:07:00;4.01;4.75;19075;STOP
31;995;10;3.302;-47.181;2004-07-06 01:00:00;32;3.68;11689.9;STOP
31;996;10;3.313;-47.202;2004-07-06 01:41:00;4.36;1.07;2632.6;STOP
31;997;10;3.318;-47.21;2004-07-06 02:00:00;3.93;0.92;1047.75;STOP
31;998;10;3.334;-47.24;2004-07-06 03:00:00;16.93;1.05;3775.67;STOP
31;999;10;3.355;-47.261;2004-07-06 04:00:00;69.78;0.92;3299.51;STOP
31;1000;10;3.368;-47.255;2004-07-06 05:00:00;38.66;0.44;1591.59;STOP
31;1001;10;3.37;-47.251;2004-07-06 05:13:00;110.28;0.64;496.59;STOP
31;1002;10;3.385;-47.267;2004-07-06 06:00:00;8.16;0.86;2436.44;STOP
31;1003;10;3.399;-47.287;2004-07-06 06:47:00;18.14;0.96;2711.42;STOP
31;1004;10;3.403;-47.29;2004-07-06 07:00:00;44.46;0.71;555.62;STOP
31;1005;10;3.418;-47.288;2004-07-06 08:00:00;94.02;0.47;1682.63;STOP
31;1006;10;3.403;-47.215;2004-07-06 09:00:00;14.38;2.3;8272.74;STOP
31;1007;10;3.406;-47.153;2004-07-06 09:38:00;2.77;3.02;6890;STOP
31;1008;10;3.406;-47.132;2004-07-06 10:00:00;3.05;1.77;2330.97;STOP
31;1009;10;3.402;-47.057;2004-07-06 10:44:00;7.25;3.16;8336.78;STOP
31;1010;10;3.4;-47.046;2004-07-06 11:00:00;7.29;1.29;1241.08;STOP
31;1011;10;3.398;-47.008;2004-07-06 11:22:00;0.3;3.2;4223.83;STOP
31;1012;10;3.394;-46.939;2004-07-06 12:00:00;1.78;3.36;7671.88;STOP
31;1013;10;3.389;-46.883;2004-07-06 12:42:00;5.1;2.48;6240.82;STOP
31;1014;10;3.389;-46.878;2004-07-06 12:55:00;4.04;0.71;555;STOP
31;1015;10;3.382;-46.779;2004-07-06 14:00:00;12.65;2.82;11016.6;STOP
31;1016;10;3.376;-46.759;2004-07-06 14:16:00;1.77;2.41;2318.12;STOP
31;1017;10;3.356;-46.684;2004-07-06 15:00:00;7.52;3.26;8617.15;STOP
31;1018;10;3.343;-46.584;2004-07-06 16:00:00;44.88;3.11;11194.2;STOP
31;1019;10;3.366;-46.554;2004-07-06 16:18:00;1.77;3.89;4198.87;STOP
31;1020;10;3.424;-46.483;2004-07-06 17:00:00;2.29;4.04;10183.5;STOP
31;1021;10;3.509;-46.37;2004-07-06 18:02:00;13.24;4.22;15704.6;STOP
31;1022;10;3.611;-46.285;2004-07-06 19:00:00;2.53;4.24;14752.2;STOP
31;1023;10;3.724;-46.199;2004-07-06 20:00:00;2.73;4.38;15778.2;STOP
31;1024;10;3.836;-46.105;2004-07-06 21:00:00;0.11;4.51;16244.2;STOP
31;1025;10;3.925;-46.03;2004-07-06 21:48:00;2.02;4.49;12929.4;STOP
31;1026;10;3.946;-46.011;2004-07-06 22:00:00;0.44;4.37;3145.66;STOP
31;1027;10;3.983;-45.977;2004-07-06 22:21:00;33.97;4.43;5581.36;STOP
31;1028;10;4.005;-45.885;2004-07-06 23:00:00;14.56;4.48;10494.2;STOP
