tid;gid;sid;latitude;longitude;time;direction_inference;speed_inference_m_s;distance_inference_m;label
8;408;10;0.467;-31.636;2004-08-10 00:04:00;20.9408;3.30268;7530.1;STOP
8;409;10;0.417;-31.598;2004-08-10 01:00:00;89.6662;2.07831;6983.11;STOP
8;410;10;0.407;-31.611;2004-08-10 01:48:00;89.3013;0.63323;1823.7;STOP
8;411;10;0.391;-31.599;2004-08-10 02:00:00;27.3608;3.08872;2223.88;STOP
8;412;10;0.349;-31.512;2004-08-10 03:00:00;69.4251;2.98391;10742.1;STOP
8;413;10;0.305;-31.516;2004-08-10 03:26:00;30.2113;3.1492;4912.75;STOP
8;414;10;0.245;-31.488;2004-08-10 04:00:00;7.10438;3.60902;7362.4;STOP
8;415;10;0.146;-31.456;2004-08-10 05:00:00;7.29285;3.21363;11569.1;STOP
8;416;10;0.114;-31.45;2004-08-10 05:15:00;14.0271;4.02249;3620.24;STOP
8;417;10;0.029;-31.411;2004-08-10 06:07:00;0.672916;3.333;10399;STOP
8;418;10;-0.064;-31.367;2004-08-10 07:00:00;42.4224;3.59752;11440.1;STOP
8;419;10;-0.116;-31.383;2004-08-10 07:51:00;49.1249;1.97701;6049.66;STOP
8;420;10;-0.153;-31.467;2004-08-10 08:29:00;8.79072;4.47645;10206.3;STOP
8;421;10;-0.172;-31.538;2004-08-10 09:00:00;10.7763;4.39388;8172.61;STOP
8;422;10;-0.182;-31.674;2004-08-10 10:00:00;84.0298;4.21202;15163.3;STOP
8;423;10;-0.143;-31.681;2004-08-10 10:17:00;1.13442;4.31951;4405.9;STOP
8;424;10;-0.098;-31.69;2004-08-10 10:36:00;6.20777;4.4762;5102.87;STOP
8;425;10;-0.042;-31.695;2004-08-10 11:00:00;0.763898;4.34145;6251.69;STOP
8;426;10;0.103;-31.706;2004-08-10 12:00:00;1.77724;4.49155;16169.6;STOP
8;427;10;0.215;-31.718;2004-08-10 12:48:00;40.7321;4.349;12525.1;STOP
8;428;10;0.23;-31.734;2004-08-10 13:00:00;63.2758;3.38706;2438.69;STOP
8;429;10;0.182;-31.865;2004-08-10 14:00:00;10.133;4.3093;15513.5;STOP
8;430;10;0.154;-31.913;2004-08-10 14:23:00;1.36986;4.47758;6179.06;STOP
8;431;10;0.138;-31.942;2004-08-10 14:37:00;0.362245;4.38438;3682.88;STOP
8;432;10;0.11;-31.992;2004-08-10 15:00:00;0.196602;4.6175;6372.15;STOP
8;433;10;0.04;-32.116;2004-08-10 16:00:00;0.89782;4.39818;15833.5;STOP
8;434;10;0.016;-32.157;2004-08-10 16:21:00;2.31766;4.19257;5282.64;STOP
8;435;10;-0.034;-32.235;2004-08-10 17:08:00;113.649;3.65326;10302.2;STOP
8;436;10;-0.042;-32.223;2004-08-10 18:00:00;170.272;0.513999;1603.68;STOP
8;437;10;-0.038;-32.232;2004-08-10 18:47:00;2.60256;0.388349;1095.14;STOP
8;438;10;-0.037;-32.234;2004-08-10 19:00:00;18.4349;0.318768;248.639;STOP
8;439;10;-0.036;-32.241;2004-08-10 19:38:00;19.44;0.344854;786.267;STOP
8;440;10;-0.037;-32.246;2004-08-10 20:00:00;37.875;0.429534;566.985;STOP
8;441;10;-0.035;-32.25;2004-08-10 20:30:00;129.596;0.276266;497.279;STOP
8;442;10;-0.016;-32.207;2004-08-10 21:00:00;9.85133;2.90408;5227.34;STOP
8;443;10;0;-32.183;2004-08-10 21:17:00;9.72758;3.14446;3207.35;STOP
8;444;10;0.012;-32.156;2004-08-10 21:36:00;5.64196;2.88196;3285.43;STOP
8;445;10;0.037;-32.112;2004-08-10 22:00:00;7.26545;3.90775;5627.17;STOP
8;446;10;0.112;-32.012;2004-08-10 23:00:00;12.9074;3.86093;13899.4;STOP
8;447;10;0.116;-32.003;2004-08-10 23:15:00;11.0295;1.21682;1095.14;STOP
8;448;10;0.151;-31.953;2004-08-10 23:48:00;4.48044;3.42754;6786.52;STOP
8;449;10;0.165;-31.936;2004-08-11 00:00:00;5.78239;3.40112;2448.81;STOP
8;450;10;0.205;-31.876;2004-08-11 01:00:00;21.9296;2.22732;8018.35;STOP
8;451;10;0.224;-31.863;2004-08-11 01:22:00;5.85601;1.93931;2559.89;STOP
8;452;10;0.237;-31.852;2004-08-11 02:00:00;46.6415;0.830515;1893.57;STOP
8;453;10;0.24;-31.797;2004-08-11 03:00:00;52.113;1.70132;6124.76;STOP
8;454;10;0.217;-31.777;2004-08-11 03:24:00;24.3098;2.35358;3389.15;STOP
8;455;10;0.157;-31.759;2004-08-11 04:00:00;1.55832;3.22475;6965.45;STOP
8;456;10;0.06;-31.727;2004-08-11 04:55:00;14.6477;3.44172;11357.7;STOP
8;457;10;0.043;-31.716;2004-08-11 05:09:00;14.4703;2.68039;2251.53;STOP
8;458;10;-0.008;-31.699;2004-08-11 05:47:00;4.39871;2.6218;5977.7;STOP
8;459;10;-0.028;-31.694;2004-08-11 06:00:00;154.231;2.9389;2292.34;STOP
8;460;10;0.002;-31.719;2004-08-11 07:00:00;177.621;1.20619;4342.3;STOP
8;461;10;-0.03;-31.69;2004-08-11 07:26:00;13.4046;3.07822;4802.02;STOP
8;462;10;-0.101;-31.651;2004-08-11 08:08:00;2.04786;3.57439;9007.47;STOP
8;463;10;-0.163;-31.614;2004-08-11 08:42:00;116.429;3.93549;8028.39;STOP
8;464;10;-0.166;-31.653;2004-08-11 09:00:00;2.42377;4.02722;4349.4;STOP
8;465;11;-0.17;-31.769;2004-08-11 09:52:00;1.6014;4.13661;12906.2;MOVE
8;466;11;-0.174;-31.833;2004-08-11 10:21:00;2.47463;4.09789;7130.33;MOVE
8;467;11;-0.175;-31.885;2004-08-11 10:44:00;0.534871;4.19071;5783.18;MOVE
8;468;11;-0.176;-31.92;2004-08-11 11:00:00;0.965985;4.05562;3893.39;MOVE
8;469;12;-0.182;-32.052;2004-08-11 12:00:00;63.3112;4.08134;14692.8;STOP
8;470;12;-0.141;-32.075;2004-08-11 12:28:00;22.1663;3.11151;5227.34;STOP
8;471;12;-0.069;-32.084;2004-08-11 13:00:00;0.306392;4.20226;8068.34;STOP
8;472;12;0.069;-32.102;2004-08-11 14:01:00;1.54122;4.22811;15474.9;STOP
8;473;12;0.202;-32.123;2004-08-11 15:00:00;76.7479;4.22942;14972.1;STOP
8;474;12;0.213;-32.27;2004-08-11 16:00:00;64.5346;4.55312;16391.2;STOP
8;475;12;0.192;-32.282;2004-08-11 16:13:00;33.7491;3.448;2689.44;STOP
8;476;12;0.092;-32.275;2004-08-11 17:00:00;1.4873;3.95273;11146.7;STOP
8;477;12;0.001;-32.271;2004-08-11 17:43:00;0.925735;3.92578;10128.5;STOP
8;478;12;-0.035;-32.27;2004-08-11 18:00:00;0.667095;3.92604;4004.56;STOP
8;479;12;-0.159;-32.268;2004-08-11 19:00:00;74.0576;3.83055;13790;STOP
8;480;12;-0.181;-32.186;2004-08-11 20:00:00;33.1485;2.62233;9440.4;STOP
8;481;12;-0.144;-32.073;2004-08-11 20:56:00;11.4204;3.93494;13221.4;STOP
8;482;12;-0.138;-32.022;2004-08-11 21:29:00;26.9802;2.88386;5710.03;STOP
8;483;12;-0.128;-32.007;2004-08-11 22:00:00;69.6191;1.07774;2004.59;STOP
8;484;12;-0.035;-32.029;2004-08-11 23:00:00;14.3368;2.95182;10626.5;STOP
8;485;12;0.007;-32.051;2004-08-11 23:22:00;19.4241;3.99401;5272.09;STOP
8;486;12;0.047;-32.094;2004-08-12 00:00:00;21.9252;2.86416;6530.28;STOP
8;487;12;0.145;-32.14;2004-08-12 01:00:00;51.9802;3.34385;12037.8;STOP
8;488;12;0.169;-32.245;2004-08-12 02:00:00;17.1714;3.32681;11976.5;STOP
8;489;12;0.228;-32.347;2004-08-12 03:00:00;56.6115;3.6396;13102.6;STOP
8;490;12;0.222;-32.359;2004-08-12 03:13:00;13.431;1.9126;1491.83;STOP
8;491;12;0.215;-32.389;2004-08-12 04:00:00;76.866;1.21469;3425.43;STOP
8;492;12;0.178;-32.389;2004-08-12 04:46:00;13.4957;1.49066;4114.21;STOP
8;493;12;0.153;-32.383;2004-08-12 05:00:00;58.7083;3.40335;2858.81;STOP
8;494;12;0.127;-32.302;2004-08-12 06:00:00;37.5457;2.62761;9459.39;STOP
8;495;12;0.046;-32.246;2004-08-12 07:00:00;5.03461;3.04159;10949.7;STOP
8;496;12;-0.005;-32.217;2004-08-12 07:45:00;11.724;2.41617;6523.65;STOP
8;497;12;-0.03;-32.195;2004-08-12 08:00:00;6.21358;4.11442;3702.97;STOP
8;498;12;-0.084;-32.157;2004-08-12 08:37:00;39.5329;3.30731;7342.23;STOP
8;499;12;-0.123;-32.16;2004-08-12 09:00:00;99.8513;3.15175;4349.41;STOP
8;500;12;-0.107;-32.223;2004-08-12 09:34:00;65.4451;3.54297;7227.66;STOP
8;501;12;-0.041;-32.235;2004-08-12 10:02:00;3.00879;4.43999;7459.18;STOP
8;502;12;0.09;-32.266;2004-08-12 11:00:00;21.4949;4.30139;14968.8;STOP
8;503;12;0.195;-32.339;2004-08-12 11:55:00;6.82504;4.30906;14219.9;STOP
8;504;12;0.312;-32.443;2004-08-12 13:00:00;10.2092;4.46319;17406.5;STOP
8;505;12;0.378;-32.527;2004-08-12 13:43:00;0.936632;4.60406;11878.5;STOP
8;506;12;0.404;-32.559;2004-08-12 14:00:00;0.373866;4.49473;4584.62;STOP
8;507;12;0.497;-32.675;2004-08-12 15:00:00;0.239795;4.59219;16531.9;STOP
8;508;12;0.59;-32.792;2004-08-12 16:00:00;0.404298;4.61628;16618.6;STOP
8;509;12;0.665;-32.885;2004-08-12 17:00:00;153.789;3.69011;13284.4;STOP
8;510;12;0.637;-32.872;2004-08-12 17:34:00;159.905;1.68266;3432.63;STOP
8;511;12;0.647;-32.882;2004-08-12 18:02:00;1.16529e-11;0.936003;1572.48;STOP
8;512;12;0.661;-32.896;2004-08-12 18:49:00;2.18279e-11;0.780665;2201.48;STOP
8;513;12;0.665;-32.9;2004-08-12 19:00:00;7.43141;0.953019;628.992;STOP
8;514;12;0.675;-32.913;2004-08-12 19:41:00;3.87852;0.741323;1823.65;STOP
8;515;12;0.679;-32.919;2004-08-12 20:00:00;61.336;0.703333;801.799;STOP
8;516;12;0.668;-32.94;2004-08-12 20:34:00;118.308;1.29211;2635.9;STOP
8;517;12;0.643;-32.903;2004-08-12 21:00:00;1.17166;3.18276;4965.1;STOP
8;518;12;0.631;-32.886;2004-08-12 21:16:00;9.24695;2.41013;2313.72;STOP
8;519;12;0.578;-32.832;2004-08-12 22:09:00;14.9879;2.64566;8413.18;STOP
8;520;12;0.517;-32.796;2004-08-12 22:56:00;19.9528;2.79288;7875.93;STOP
8;521;12;0.456;-32.722;2004-08-13 00:00:00;19.9902;2.77695;10663.5;STOP
8;522;12;0.4;-32.689;2004-08-13 00:44:00;10.0911;2.73773;7227.62;STOP
8;523;12;0.386;-32.677;2004-08-13 01:00:00;18.1803;2.13574;2050.31;STOP
8;524;12;0.346;-32.611;2004-08-13 02:00:00;25.7931;2.38371;8581.35;STOP
8;525;12;0.289;-32.574;2004-08-13 03:00:00;27.4356;2.09898;7556.31;STOP
8;526;12;0.217;-32.567;2004-08-13 04:00:00;12.0972;2.23438;8043.78;STOP
8;527;12;0.195;-32.56;2004-08-13 04:35:00;27.3499;1.22244;2567.13;STOP
8;528;12;0.173;-32.538;2004-08-13 05:00:00;23.7136;2.30638;3459.57;STOP
8;529;12;0.143;-32.461;2004-08-13 06:00:00;1.92741;2.55246;9188.87;STOP
8;530;12;0.13;-32.424;2004-08-13 06:28:00;3.98274;2.59569;4360.76;STOP
8;531;12;0.119;-32.384;2004-08-13 07:00:00;19.935;2.40255;4612.9;STOP
8;532;12;0.102;-32.36;2004-08-13 07:20:00;40.1416;2.72528;3270.34;STOP
8;533;12;0.108;-32.289;2004-08-13 08:00:00;13.0483;3.30124;7922.97;STOP
8;534;12;0.118;-32.258;2004-08-13 08:16:00;94.7412;3.77286;3621.95;STOP
8;535;12;0.142;-32.268;2004-08-13 09:00:00;30.5102;1.0951;2891.07;STOP
8;536;12;0.145;-32.272;2004-08-13 09:12:00;6.6613;0.772185;555.974;STOP
8;537;12;0.183;-32.312;2004-08-13 10:00:00;148.786;2.13017;6134.88;STOP
8;538;12;0.073;-32.282;2004-08-13 11:00:00;6.28249;3.52171;12678.2;STOP
8;539;12;0.016;-32.273;2004-08-13 11:29:00;0.80978;3.68772;6416.63;STOP
8;540;12;-0.042;-32.263;2004-08-13 12:00:00;4.8972;3.51853;6544.46;STOP
8;541;12;-0.159;-32.253;2004-08-13 13:00:00;1.61471;3.62701;13057.2;STOP
8;542;12;-0.194;-32.251;2004-08-13 13:18:00;28.9252;3.60942;3898.17;STOP
8;543;12;-0.248;-32.217;2004-08-13 14:00:00;102.804;2.81571;7095.58;STOP
8;544;12;-0.182;-32.151;2004-08-13 15:00:00;47.0638;2.88297;10378.7;STOP
8;545;12;-0.071;-32.155;2004-08-13 15:49:00;2.06382;4.2009;12350.6;STOP
8;546;12;-0.043;-32.155;2004-08-13 16:00:00;3.65222;4.71736;3113.46;STOP
8;547;12;0.098;-32.164;2004-08-13 17:00:00;25.5966;4.364;15710.4;STOP
8;548;12;0.148;-32.192;2004-08-13 17:28:00;42.5341;3.79295;6372.15;STOP
8;549;12;0.174;-32.271;2004-08-13 18:00:00;5.73802;4.81661;9247.88;STOP
8;550;12;0.201;-32.393;2004-08-13 19:00:00;32.5209;3.85943;13894;STOP
8;551;12;0.204;-32.396;2004-08-13 19:12:00;19.44;0.65522;471.759;STOP
8;552;12;0.215;-32.419;2004-08-13 20:04:00;48.1798;0.908625;2834.91;STOP
8;553;12;0.263;-32.433;2004-08-13 21:00:00;165.53;1.65469;5559.74;STOP
8;554;12;0.199;-32.431;2004-08-13 21:47:00;32.7186;2.5248;7119.95;STOP
8;555;12;0.183;-32.42;2004-08-13 22:00:00;1.19817;2.76796;2159.01;STOP
8;556;12;0.151;-32.397;2004-08-13 22:43:00;9.29331;1.69844;4381.98;STOP
8;557;12;0.13;-32.376;2004-08-13 23:00:00;15.1729;3.23756;3302.32;STOP
8;558;12;0.087;-32.301;2004-08-14 00:00:00;170.729;2.67029;9613.04;STOP
18;641;20;-0.637;-40.048;2004-07-28 00:04:00;4.71208;3.72081;14734.4;STOP
18;642;20;-0.612;-40.153;2004-07-28 01:00:00;2.5529;3.57178;12001.2;STOP
18;643;20;-0.59;-40.23;2004-07-28 01:42:00;2.97925;3.5334;8904.17;STOP
18;644;20;-0.578;-40.265;2004-07-28 02:00:00;5.5854;3.80928;4114.02;STOP
18;645;20;-0.555;-40.362;2004-07-28 03:00:00;0.31117;3.07902;11084.5;STOP
18;646;20;-0.538;-40.432;2004-07-28 04:00:00;3.96163;2.22488;8009.55;STOP
18;647;20;-0.531;-40.473;2004-07-28 04:27:00;13.9406;2.85479;4624.77;STOP
18;648;20;-0.524;-40.489;2004-07-28 05:00:00;14.6568;0.980741;1941.87;STOP
18;649;21;-0.512;-40.565;2004-07-28 06:06:00;7.4978;2.1604;8555.17;MOVE
18;650;21;-0.478;-40.68;2004-07-28 07:00:00;6.79728;4.11547;13334.1;MOVE
18;651;21;-0.435;-40.78;2004-07-28 08:00:00;17.3616;3.36211;12103.6;MOVE
18;652;21;-0.432;-40.809;2004-07-28 08:37:00;137.33;1.46026;3241.77;MOVE
18;653;21;-0.449;-40.794;2004-07-28 09:00:00;13.0306;1.82676;2520.93;MOVE
18;654;22;-0.523;-40.754;2004-07-28 09:53:00;1.82797;2.94136;9353.53;STOP
18;655;22;-0.563;-40.734;2004-07-28 10:21:00;2.60256;2.95997;4972.74;STOP
18;656;22;-0.617;-40.71;2004-07-28 11:00:00;0.113009;2.80803;6570.8;STOP
18;657;22;-0.664;-40.689;2004-07-28 11:32:00;3.22104;2.98128;5724.05;STOP
18;658;22;-0.706;-40.673;2004-07-28 12:00:00;35.4555;2.97473;4997.54;STOP
18;659;22;-0.732;-40.634;2004-07-28 12:34:00;6.43474;2.55474;5211.66;STOP
18;660;22;-0.749;-40.601;2004-07-28 13:00:00;3.22104;2.6458;4127.44;STOP
18;661;22;-0.782;-40.527;2004-07-28 14:00:00;1.67567;2.50246;9008.86;STOP
18;662;22;-0.795;-40.5;2004-07-28 14:23:00;4.39204;2.41441;3331.88;STOP
18;663;22;-0.811;-40.459;2004-07-28 15:00:00;8.51365;2.20424;4893.42;STOP
18;664;22;-0.816;-40.437;2004-07-28 15:29:00;1.49433;1.44163;2508.43;STOP
18;665;22;-0.824;-40.397;2004-07-28 16:00:00;2.33731;2.43841;4535.43;STOP
18;666;22;-0.836;-40.321;2004-07-28 17:00:00;5.95879;2.37629;8554.63;STOP
18;667;22;-0.84;-40.306;2004-07-28 17:13:00;7.57904;2.21287;1726.04;STOP
18;668;22;-0.848;-40.244;2004-07-28 18:00:00;2.43003;2.46472;6950.5;STOP
18;669;22;-0.858;-40.186;2004-07-28 18:47:00;6.41595;2.32048;6543.76;STOP
18;670;22;-0.859;-40.169;2004-07-28 19:00:00;5.6122;2.4274;1893.37;STOP
18;671;22;-0.857;-40.118;2004-07-28 19:39:00;137.653;2.42507;5674.67;STOP
18;672;22;-0.841;-40.137;2004-07-28 20:00:00;16.5738;2.19194;2761.85;STOP
18;673;22;-0.777;-40.284;2004-07-28 21:00:00;1.72565;4.95171;17826.1;STOP
18;674;22;-0.755;-40.339;2004-07-28 21:23:00;10.9373;4.7727;6586.33;STOP
18;675;22;-0.736;-40.438;2004-07-28 22:00:00;0.153052;5.04878;11208.3;STOP
18;676;22;-0.714;-40.551;2004-07-28 22:43:00;0.176806;4.96122;12800;STOP
18;677;22;-0.705;-40.598;2004-07-28 23:00:00;0.927554;5.21639;5320.72;STOP
18;678;22;-0.687;-40.701;2004-07-28 23:39:00;6.89996;4.9683;11625.8;STOP
18;679;22;-0.684;-40.758;2004-07-29 00:00:00;4.67393;5.03685;6346.43;STOP
18;680;22;-0.662;-40.921;2004-07-29 01:00:00;3.00082;5.07997;18287.9;STOP
18;681;22;-0.657;-40.982;2004-07-29 01:23:00;4.56021;4.9313;6805.19;STOP
18;682;22;-0.643;-41.068;2004-07-29 02:00:00;172.048;4.36398;9688.04;STOP
18;683;22;-0.656;-41.026;2004-07-29 03:00:00;5.88861;1.35792;4888.5;STOP
18;684;22;-0.663;-40.991;2004-07-29 04:03:00;27.3499;1.04991;3968.64;STOP
18;685;22;-0.667;-40.986;2004-07-29 04:09:00;34.7593;1.97768;711.966;STOP
18;686;22;-0.67;-40.942;2004-07-29 05:00:00;17.137;1.60248;4903.6;STOP
18;687;22;-0.675;-40.929;2004-07-29 05:52:00;4.30866;0.49637;1548.67;STOP
18;688;22;-0.702;-40.872;2004-07-29 07:00:00;9.63754;1.71882;7012.8;STOP
18;689;22;-0.72;-40.808;2004-07-29 08:00:00;25.9249;2.05335;7392.05;STOP
18;690;22;-0.736;-40.79;2004-07-29 08:22:00;36.4391;2.02864;2677.81;STOP
18;691;22;-0.74;-40.746;2004-07-29 09:00:00;10.3117;2.15454;4912.35;STOP
18;692;22;-0.734;-40.679;2004-07-29 10:01:00;13.6481;2.04351;7479.26;STOP
18;693;22;-0.743;-40.619;2004-07-29 11:00:00;8.53077;1.90559;6745.79;STOP
18;694;22;-0.743;-40.585;2004-07-29 11:31:00;18.9704;2.03242;3780.31;STOP
18;695;22;-0.732;-40.553;2004-07-29 12:00:00;97.6605;2.16225;3762.32;STOP
18;696;22;-0.757;-40.548;2004-07-29 12:23:00;3.68515;2.05429;2834.92;STOP
18;697;22;-0.813;-40.533;2004-07-29 13:00:00;5.2333;2.90378;6446.39;STOP
18;698;22;-0.906;-40.517;2004-07-29 13:58:00;1.87007;3.01524;10493;STOP
18;699;22;-1.007;-40.503;2004-07-29 15:00:00;20.1565;3.04786;11338;STOP
18;700;22;-1.03;-40.508;2004-07-29 15:13:00;20.2819;3.35538;2617.2;STOP
18;701;22;-1.101;-40.498;2004-07-29 16:00:00;0.467671;2.82721;7972.73;STOP
18;702;22;-1.184;-40.487;2004-07-29 16:57:00;0.503653;2.72218;9309.85;STOP
18;703;22;-1.273;-40.476;2004-07-29 18:00:00;1.07145;2.63799;9971.62;STOP
18;704;22;-1.359;-40.467;2004-07-29 19:00:00;12.3145;2.67082;9614.96;STOP
18;705;22;-1.386;-40.47;2004-07-29 19:18:00;95.5485;2.79697;3020.73;STOP
18;706;22;-1.378;-40.508;2004-07-29 20:00:00;10.3148;1.71303;4316.83;STOP
18;707;22;-1.358;-40.557;2004-07-29 21:02:00;15.4936;1.58158;5883.5;STOP
18;708;22;-1.354;-40.591;2004-07-29 22:00:00;13.2733;1.09358;3805.65;STOP
18;709;22;-1.342;-40.624;2004-07-29 22:36:00;4.72799;1.8072;3903.56;STOP
18;710;22;-1.336;-40.646;2004-07-29 23:00:00;4.88118;1.76041;2534.99;STOP
18;711;22;-1.314;-40.706;2004-07-30 00:06:00;83.8999;1.79403;7104.37;STOP
18;712;22;-1.31;-40.705;2004-07-30 00:57:00;42.3974;0.149824;458.461;STOP
18;713;22;-1.197;-40.766;2004-07-30 02:00:00;14.6639;3.77729;14278.1;STOP
18;714;22;-1.152;-40.808;2004-07-30 02:36:00;1.19011;3.16848;6843.92;STOP
18;715;22;-1.115;-40.844;2004-07-30 03:00:00;9.83483;3.98593;5739.74;STOP
18;716;22;-1.039;-40.896;2004-07-30 04:00:00;2.62218;2.84417;10239;STOP
18;717;22;-0.97;-40.948;2004-07-30 05:00:00;0.473671;2.66854;9606.73;STOP
18;718;22;-0.916;-40.988;2004-07-30 05:40:00;6.26855;3.11336;7472.07;STOP
18;719;22;-0.889;-41.013;2004-07-30 06:00:00;30.7026;3.40948;4091.38;STOP
18;720;22;-0.819;-41.028;2004-07-30 07:00:00;17.3124;2.2112;7960.31;STOP
18;721;22;-0.764;-41.059;2004-07-30 07:51:00;2.02949;2.29415;7020.11;STOP
18;722;22;-0.652;-41.117;2004-07-30 09:00:00;17.055;3.38755;14024.4;STOP
18;723;22;-0.601;-41.167;2004-07-30 09:36:00;112.631;3.6766;7941.45;STOP
18;724;22;-0.597;-41.157;2004-07-30 09:39:00;132.332;6.65305;1197.55;STOP
18;725;23;-0.581;-41.19;2004-07-30 10:00:00;168.81;3.23636;4077.82;MOVE
18;726;23;-0.618;-41.141;2004-07-30 11:00:00;8.00192;1.89644;6827.17;MOVE
18;727;23;-0.628;-41.123;2004-07-30 11:18:00;0.444144;2.11994;2289.54;MOVE
18;728;23;-0.646;-41.09;2004-07-30 11:52:00;4.80452;2.04883;4179.61;MOVE
18;729;23;-0.676;-41.022;2004-07-30 13:00:00;8.76811;2.02548;8263.95;MOVE
18;730;23;-0.699;-40.986;2004-07-30 13:35:00;1.64164;2.26191;4750.01;MOVE
18;731;23;-0.716;-40.961;2004-07-30 14:00:00;0.319536;2.24101;3361.52;MOVE
18;732;23;-0.759;-40.897;2004-07-30 15:00:00;14.9179;2.38141;8573.06;MOVE
18;733;24;-0.775;-40.883;2004-07-30 16:00:00;0.176838;0.656651;2363.94;STOP
18;734;24;-0.798;-40.863;2004-07-30 16:44:00;55.7007;1.28372;3389.03;STOP
18;735;24;-0.796;-40.846;2004-07-30 17:00:00;8.73648;1.98247;1903.17;STOP
18;736;24;-0.775;-40.77;2004-07-30 18:00:00;0.74289;2.4352;8766.73;STOP
18;737;24;-0.766;-40.739;2004-07-30 18:24:00;12.2537;2.49241;3589.08;STOP
18;738;24;-0.74;-40.691;2004-07-30 19:00:00;13.6741;2.81003;6069.66;STOP
18;739;24;-0.674;-40.618;2004-07-30 20:00:00;0.693371;3.03958;10942.5;STOP
18;740;24;-0.629;-40.567;2004-07-30 20:41:00;1.39341;3.07423;7562.62;STOP
18;741;24;-0.608;-40.542;2004-07-30 21:00:00;0.941477;3.18452;3630.35;STOP
18;742;24;-0.542;-40.466;2004-07-30 22:00:00;1.16617;3.10898;11192.3;STOP
18;743;24;-0.522;-40.442;2004-07-30 22:19:00;2.4389;3.04715;3473.75;STOP
18;744;24;-0.48;-40.387;2004-07-30 23:00:00;1.03659;3.12796;7694.79;STOP
28;410;6;4.06;-44.627;2004-06-19 01:00:00;11.41;1.94;7687.5;STOP
28;411;6;4.048;-44.55;2004-06-19 01:33:00;0.37;4.37;8644.19;STOP
28;412;6;4.038;-44.483;2004-06-19 02:00:00;2.28;4.64;7514.25;STOP
28;413;6;4.011;-44.341;2004-06-19 03:00:00;1.41;4.45;16034.3;STOP
28;414;6;3.981;-44.202;2004-06-19 04:00:00;5.8;4.38;15775.2;STOP
28;415;6;3.964;-44.05;2004-06-19 05:05:00;1.58;4.35;16966.7;STOP
28;416;6;3.953;-43.919;2004-06-19 06:00:00;1.42;4.42;14583.2;STOP
28;417;6;3.942;-43.818;2004-06-19 06:44:00;2.85;4.27;11270.6;STOP
28;418;6;3.94;-43.784;2004-06-19 07:00:00;52.94;3.94;3778.24;STOP
28;419;6;3.925;-43.774;2004-06-19 08:00:00;31.57;0.56;2003.14;STOP
28;420;6;3.898;-43.773;2004-06-19 09:00:00;71.08;0.83;3004.31;STOP
28;421;6;3.893;-43.786;2004-06-19 09:10:00;4.15;2.58;1545.65;STOP
28;422;6;3.876;-43.842;2004-06-19 10:00:00;24.01;2.16;6493.83;STOP
28;423;6;3.88;-43.874;2004-06-19 10:39:00;26.57;1.53;3577.84;STOP
28;424;6;3.894;-43.895;2004-06-19 11:00:00;40.32;2.22;2801.97;STOP
28;425;6;3.889;-43.938;2004-06-19 11:31:00;10.79;2.58;4802.65;STOP
28;426;6;3.873;-43.989;2004-06-19 12:00:00;35.85;3.41;5931.06;STOP
28;427;6;3.888;-44.034;2004-06-19 12:33:00;20.28;2.66;5263.56;STOP
28;428;6;3.887;-44.065;2004-06-19 13:00:00;11.65;2.12;3440.91;STOP
28;429;6;3.869;-44.14;2004-06-19 14:07:00;4.71;2.13;8557.87;STOP
28;430;6;3.854;-44.237;2004-06-19 15:00:00;2.52;3.42;10889.9;STOP
28;431;6;3.844;-44.328;2004-06-19 16:09:00;30.35;2.45;10157;STOP
28;432;6;3.865;-44.375;2004-06-19 17:00:00;146.95;1.87;5713.32;STOP
28;433;6;3.868;-44.356;2004-06-19 17:44:00;10.34;0.81;2134.13;STOP
28;434;6;3.867;-44.314;2004-06-19 18:00:00;88.64;4.86;4660.88;STOP
28;435;6;3.993;-44.308;2004-06-19 19:00:00;0.62;3.9;14026.4;STOP
28;436;6;4.129;-44.303;2004-06-19 20:00:00;0.38;4.2;15132.7;STOP
28;437;6;4.152;-44.302;2004-06-19 20:10:00;0.5;4.27;2559.89;STOP
28;438;6;4.267;-44.296;2004-06-19 20:58:00;0.62;4.45;12804.7;STOP
28;439;6;4.394;-44.288;2004-06-19 21:50:00;0.83;4.54;14149.6;STOP
28;440;6;4.518;-44.282;2004-06-19 22:41:00;0.23;4.51;13804.2;STOP
28;441;6;4.563;-44.28;2004-06-19 23:00:00;0.06;4.39;5008.68;STOP
28;442;6;4.629;-44.277;2004-06-19 23:28:00;1.83;4.37;7346.39;STOP
28;443;6;4.703;-44.276;2004-06-20 00:00:00;5.23;4.29;8229.17;STOP
28;444;6;4.741;-44.272;2004-06-20 01:00:00;6.01;1.18;4248.59;STOP
28;445;6;4.742;-44.272;2004-06-20 02:00:00;26.57;0.03;111.19;STOP
28;446;6;4.744;-44.271;2004-06-20 03:00:00;94.4;0.07;248.47;STOP
28;447;6;4.741;-44.266;2004-06-20 04:00:00;14.04;0.18;646.74;STOP
28;448;6;4.738;-44.263;2004-06-20 04:44:00;45;0.18;470.95;STOP
28;449;6;4.736;-44.263;2004-06-20 05:00:00;45;0.23;222.39;STOP
28;450;6;4.732;-44.259;2004-06-20 06:00:00;15.52;0.17;627.94;STOP
28;451;6;4.686;-44.233;2004-06-20 06:37:00;10.12;2.64;5870.68;STOP
28;452;6;4.649;-44.22;2004-06-20 06:55:00;2.44;4.04;4359.18;STOP
28;453;6;4.634;-44.214;2004-06-20 08:00:00;2.67;0.46;1795.6;STOP
28;454;6;4.585;-44.197;2004-06-20 08:34:00;4.83;2.83;5765.15;STOP
28;455;6;4.534;-44.184;2004-06-20 09:00:00;5.24;3.75;5851.15;STOP
28;456;6;4.465;-44.173;2004-06-20 09:36:00;2.48;3.6;7768.74;STOP
28;457;6;4.416;-44.163;2004-06-20 10:00:00;2.56;3.86;5560.19;STOP
28;458;6;4.397;-44.16;2004-06-20 10:14:00;15.26;2.55;2138.72;STOP
28;459;6;4.337;-44.133;2004-06-20 11:00:00;12.03;2.65;7312.51;STOP
28;460;6;4.3;-44.125;2004-06-20 11:20:00;3.74;3.51;4208.75;STOP
28;461;6;4.258;-44.113;2004-06-20 11:58:00;0.35;2.13;4856.05;STOP
28;462;6;4.172;-44.089;2004-06-20 13:00:00;7.37;2.67;9926.22;STOP
28;463;6;4.113;-44.064;2004-06-20 13:46:00;5.72;2.58;7122.33;STOP
28;464;6;4.084;-44.055;2004-06-20 14:00:00;1.55;4.02;3375.62;STOP
28;465;6;3.995;-44.03;2004-06-20 15:00:00;4.24;2.85;10277.5;STOP
28;466;6;3.916;-44.014;2004-06-20 16:02:00;1.67;2.41;8961.91;STOP
28;467;6;3.829;-43.999;2004-06-20 17:00:00;3.73;2.82;9816.05;STOP
28;468;7;3.763;-43.992;2004-06-20 17:41:00;4.95;3;7379.85;MOVE
28;469;7;3.727;-43.985;2004-06-20 18:00:00;0.81;3.58;4077.67;MOVE
28;470;7;3.638;-43.969;2004-06-20 19:00:00;12.61;2.79;10054.3;MOVE
28;471;7;3.569;-43.94;2004-06-20 19:44:00;9.21;3.15;8320.08;MOVE
28;472;7;3.553;-43.93;2004-06-20 20:00:00;175.85;2.18;2096.88;MOVE
28;473;8;3.657;-44.006;2004-06-20 21:00:00;0.71;3.98;14313.2;STOP
28;474;8;3.697;-44.036;2004-06-20 21:23:00;2.05;4.03;5555.63;STOP
28;475;8;3.766;-44.084;2004-06-20 22:00:00;2.05;4.21;9339.87;STOP
28;476;8;3.818;-44.123;2004-06-20 22:29:00;2.07;4.15;7221.98;STOP
28;477;8;3.877;-44.164;2004-06-20 23:00:00;6.7;4.29;7983.17;STOP
28;478;8;4.01;-44.235;2004-06-21 00:07:00;2.37;4.17;16755.5;STOP
28;479;8;4.095;-44.285;2004-06-21 00:50:00;29.05;4.25;10958.5;STOP
28;480;8;4.257;-44.289;2004-06-21 02:00:00;143.67;4.29;18019;STOP
28;481;8;4.226;-44.265;2004-06-21 02:24:00;12.26;3.02;4354.88;STOP
28;482;8;4.14;-44.224;2004-06-21 03:00:00;11.54;4.9;10588.7;STOP
28;483;8;3.987;-44.186;2004-06-21 04:00:00;1.14;4.87;17527.1;STOP
28;484;8;3.872;-44.155;2004-06-21 04:46:00;4.77;4.8;13241.8;STOP
28;485;8;3.836;-44.142;2004-06-21 05:00:00;9.12;5.07;4254.91;STOP
28;486;8;3.706;-44.07;2004-06-21 06:00:00;8.5;4.59;16515.9;STOP
28;487;8;3.676;-44.047;2004-06-21 06:15:00;3.34;4.67;4200.18;STOP
28;488;8;3.588;-43.971;2004-06-21 07:00:00;2.49;4.78;12918.2;STOP
28;489;8;3.464;-43.873;2004-06-21 08:00:00;6.49;4.88;17561.6;STOP
28;490;8;3.435;-43.855;2004-06-21 08:13:00;11.93;4.86;3793.4;STOP
28;491;8;3.388;-43.81;2004-06-21 09:00:00;167.85;2.56;7229.23;STOP
28;492;8;3.44;-43.842;2004-06-21 10:01:00;1.72;1.85;6785.96;STOP
28;493;8;3.513;-43.89;2004-06-21 11:07:00;6.04;2.45;9709.38;STOP
28;494;8;3.552;-43.922;2004-06-21 12:00:00;0.03;1.76;5605.27;STOP
28;495;8;3.613;-43.972;2004-06-21 13:00:00;5.66;2.43;8763.43;STOP
28;496;8;3.618;-43.977;2004-06-21 13:14:00;10.81;0.94;785.48;STOP
28;497;8;3.671;-44.013;2004-06-21 14:00:00;4.37;2.58;7119.74;STOP
28;498;8;3.753;-44.06;2004-06-21 14:58:00;8.02;3.02;10504.1;STOP
28;499;8;3.803;-44.08;2004-06-21 15:50:00;4.54;1.92;5986.24;STOP
28;500;8;3.908;-44.132;2004-06-21 17:00:00;3.91;3.1;13023;STOP
28;501;8;3.932;-44.146;2004-06-21 17:19:00;1.65;2.71;3087.71;STOP
28;502;8;3.954;-44.158;2004-06-21 17:33:00;11.02;3.32;2785.03;STOP
28;503;8;3.995;-44.171;2004-06-21 18:00:00;7.27;2.95;4781.63;STOP
28;504;8;4.077;-44.209;2004-06-21 19:00:00;51.43;2.79;10045.1;STOP
28;505;8;4.087;-44.25;2004-06-21 19:17:00;13.35;4.59;4681.4;STOP
28;506;8;4.134;-44.342;2004-06-21 20:00:00;62.56;4.44;11464.1;STOP
28;507;8;4.286;-44.343;2004-06-21 21:00:00;1.17;4.69;16902;STOP
28;508;8;4.434;-44.347;2004-06-21 22:00:00;1.55;4.57;16462.8;STOP
28;509;8;4.473;-44.347;2004-06-21 22:16:00;1.27;4.52;4336.6;STOP
28;510;8;4.518;-44.346;2004-06-21 22:35:00;1.27;4.39;5005;STOP
28;511;8;4.58;-44.346;2004-06-21 23:00:00;2.32;4.6;6894.09;STOP
28;512;8;4.728;-44.34;2004-06-22 00:00:00;1.33;4.58;16470.3;STOP
28;513;8;4.786;-44.339;2004-06-22 00:24:00;24.72;4.48;6450.26;STOP
28;514;8;4.813;-44.326;2004-06-22 01:00:00;158.18;1.54;3329.94;STOP
28;515;8;4.666;-44.336;2004-06-22 02:04:00;3.46;4.27;16383.2;STOP
28;516;8;4.532;-44.337;2004-06-22 03:00:00;5.98;4.43;14900.5;STOP
28;517;8;4.388;-44.323;2004-06-22 04:00:00;14.33;4.47;16087.1;STOP
28;518;8;4.341;-44.306;2004-06-22 04:22:00;2.15;4.21;5555.66;STOP
28;519;8;4.257;-44.272;2004-06-22 05:00:00;1.07;4.42;10072.5;STOP
28;520;8;4.114;-44.211;2004-06-22 06:05:00;7.31;4.43;17280.1;STOP
28;521;8;4.022;-44.157;2004-06-22 07:00:00;59.59;3.59;11854.3;STOP
28;522;8;4.022;-44.154;2004-06-22 08:00:00;137.39;0.09;332.76;STOP
28;523;8;4.068;-44.204;2004-06-22 09:00:00;3.09;2.1;7544.52;STOP
28;524;8;4.101;-44.244;2004-06-22 09:33:00;15.6;2.91;5757.37;STOP
28;525;8;4.134;-44.267;2004-06-22 10:00:00;18.73;2.76;4468.97;STOP
28;526;8;4.21;-44.289;2004-06-22 10:58:00;21.58;2.53;8795.96;STOP
28;527;8;4.231;-44.287;2004-06-22 11:12:00;6.25;2.79;2345.6;STOP
28;528;8;4.302;-44.288;2004-06-22 12:00:00;8.54;2.74;7895.62;STOP
28;529;8;4.381;-44.301;2004-06-22 13:00:00;23.12;2.47;8901.87;STOP
28;530;8;4.483;-44.276;2004-06-22 14:00:00;7.92;3.24;11675.6;STOP
28;531;8;4.522;-44.272;2004-06-22 14:38:00;4.26;1.91;4359.21;STOP
28;532;8;4.558;-44.271;2004-06-22 15:00:00;5.47;3.03;4004.55;STOP
28;533;8;4.676;-44.279;2004-06-22 16:00:00;8.36;3.65;13150.9;STOP
28;534;8;4.782;-44.302;2004-06-22 17:00:00;1.24;3.35;12059.1;STOP
28;535;8;4.818;-44.309;2004-06-22 17:23:00;1.54;2.95;4077.47;STOP
28;536;8;4.83;-44.311;2004-06-22 18:00:00;169.72;0.61;1352.62;STOP
28;537;8;4.69;-44.313;2004-06-22 19:00:00;0.78;4.32;15568.9;STOP
28;538;8;4.547;-44.317;2004-06-22 20:00:00;1.87;4.42;15907;STOP
28;539;8;4.448;-44.323;2004-06-22 20:41:00;0.18;4.48;11028.4;STOP
28;540;8;4.401;-44.326;2004-06-22 21:00:00;5.32;4.59;5236.73;STOP
28;541;8;4.264;-44.322;2004-06-22 22:00:00;6.46;4.23;15240.2;STOP
28;542;8;4.229;-44.317;2004-06-22 22:16:00;23.88;4.09;3931.12;STOP
28;543;8;4.141;-44.262;2004-06-22 23:00:00;16.26;4.37;11530.5;STOP
28;544;8;4.05;-44.16;2004-06-22 23:55:00;3.65;4.6;15178;STOP
28;545;8;3.975;-44.086;2004-06-23 01:00:00;168.31;3;11701.5;STOP
28;546;8;3.977;-44.089;2004-06-23 01:39:00;56.31;0.17;400.25;STOP
28;547;8;3.978;-44.089;2004-06-23 02:00:00;75.96;0.09;111.19;STOP
28;548;8;3.979;-44.093;2004-06-23 03:00:00;57.53;0.13;457.43;STOP
28;549;8;3.982;-44.094;2004-06-23 04:00:00;18.43;0.1;351.54;STOP
28;550;8;3.983;-44.094;2004-06-23 04:13:00;123.69;0.14;111.19;STOP
28;551;8;3.981;-44.091;2004-06-23 05:00:00;11.89;0.14;400.25;STOP
28;552;8;3.977;-44.081;2004-06-23 06:02:00;9.08;0.32;1195.12;STOP
28;553;8;3.97;-44.05;2004-06-23 07:00:00;12.72;1.01;3525.75;STOP
28;554;8;3.97;-44.045;2004-06-23 07:32:00;11.77;0.29;554.64;STOP
28;555;8;3.975;-44.021;2004-06-23 08:00:00;109.3;1.62;2719.7;STOP
28;556;8;4.058;-44.071;2004-06-23 09:00:00;6.63;2.99;10767.4;STOP
28;557;8;4.08;-44.088;2004-06-23 09:15:00;1.67;3.43;3088.63;STOP
28;558;8;4.146;-44.136;2004-06-23 10:00:00;18.02;3.36;9066.41;STOP
28;559;8;4.226;-44.162;2004-06-23 10:45:00;2.36;3.46;9351.22;STOP
28;560;8;4.251;-44.169;2004-06-23 11:00:00;1.75;3.21;2886.21;STOP
28;561;8;4.344;-44.192;2004-06-23 12:00:00;0.15;2.96;10651;STOP
28;562;8;4.389;-44.203;2004-06-23 12:29:00;10.1;2.96;5150.26;STOP
28;563;8;4.452;-44.207;2004-06-23 13:00:00;37.78;3.77;7019.3;STOP
28;564;8;4.539;-44.148;2004-06-23 14:00:00;22.05;3.24;11677.4;STOP
28;565;8;4.567;-44.142;2004-06-23 14:17:00;9.64;3.12;3183.7;STOP
28;566;8;4.637;-44.139;2004-06-23 15:00:00;6.15;3.02;7790.74;STOP
28;567;8;4.668;-44.141;2004-06-23 15:23:00;2.26;2.5;3454.16;STOP
28;568;8;4.708;-44.142;2004-06-23 16:00:00;85.56;2;4449.18;STOP
28;569;8;4.714;-44.256;2004-06-23 17:07:00;1.72;3.15;12651;STOP
28;570;8;4.717;-44.389;2004-06-23 18:00:00;1.29;4.64;14742.6;STOP
28;571;8;4.717;-44.539;2004-06-23 19:00:00;0;4.62;16622.8;STOP
28;572;8;4.717;-44.687;2004-06-23 20:00:00;1.92;4.56;16401.1;STOP
28;573;8;4.722;-44.836;2004-06-23 21:00:00;0.13;4.59;16521.2;STOP
28;574;8;4.726;-44.964;2004-06-23 21:53:00;0.01;4.46;14191.6;STOP
28;575;8;4.731;-45.125;2004-06-23 23:00:00;0.07;4.44;17850.1;STOP
28;576;8;4.733;-45.192;2004-06-23 23:36:00;51.42;3.44;7428;STOP
28;577;8;4.737;-45.195;2004-06-24 00:00:00;12.09;0.39;555.29;STOP
38;1992;18;4.902;-36.565;2004-08-03 00:00:00;99.21;4.52;10846.2;STOP
38;1993;18;4.957;-36.53;2004-08-03 00:59:00;36.53;2.05;7241.3;STOP
38;1994;18;5.098;-36.54;2004-08-03 02:00:00;0.39;4.29;15717.6;STOP
38;1995;18;5.254;-36.55;2004-08-03 03:07:00;14.92;4.32;17381.7;STOP
38;1996;18;5.364;-36.587;2004-08-03 04:00:00;10.02;4.06;12899.2;STOP
38;1997;18;5.463;-36.641;2004-08-03 04:51:00;9.85;4.09;12526.6;STOP
38;1998;18;5.619;-36.694;2004-08-03 06:00:00;10.87;4.42;18311.3;STOP
38;1999;18;5.677;-36.727;2004-08-03 06:30:00;68.3;4.12;7411.33;STOP
38;2000;18;5.687;-36.719;2004-08-03 07:00:00;77.91;0.79;1421.26;STOP
38;2001;18;5.684;-36.713;2004-08-03 07:55:00;16.14;0.23;742.98;STOP
38;2002;18;5.636;-36.661;2004-08-03 09:00:00;22.09;2.01;7848.27;STOP
38;2003;18;5.585;-36.637;2004-08-03 09:43:00;4.27;2.43;6262.06;STOP
38;2004;18;5.562;-36.624;2004-08-03 10:00:00;2.91;2.88;2934.38;STOP
38;2005;18;5.54;-36.613;2004-08-03 10:21:00;12.17;2.17;2732.47;STOP
38;2006;18;5.466;-36.594;2004-08-03 11:00:00;12.86;3.63;8492.91;STOP
38;2007;18;5.4;-36.56;2004-08-03 11:55:00;0.39;2.5;8247.66;STOP
38;2008;18;5.316;-36.516;2004-08-03 13:00:00;3.59;2.7;10534.3;STOP
38;2009;18;5.26;-36.491;2004-08-03 13:43:00;12.33;2.64;6814.44;STOP
38;2010;18;5.241;-36.477;2004-08-03 14:00:00;7.68;2.57;2620.43;STOP
38;2011;18;5.179;-36.417;2004-08-03 15:00:00;6.9;2.66;9574.6;STOP
38;2012;18;5.119;-36.343;2004-08-03 16:04:00;8.39;2.75;10567.5;STOP
38;2013;18;5.033;-36.264;2004-08-03 17:00:00;5.85;3.86;12961.8;STOP
38;2014;18;4.97;-36.217;2004-08-03 17:43:00;23.05;3.38;8728.07;STOP
38;2015;18;4.933;-36.208;2004-08-03 18:00:00;87.64;4.15;4233.3;STOP
38;2016;18;4.935;-36.198;2004-08-03 18:26:00;98.22;0.72;1129.93;STOP
38;2017;18;4.861;-36.194;2004-08-03 19:03:00;2.28;3.71;8240.35;STOP
38;2018;18;4.721;-36.192;2004-08-03 20:05:00;0.41;4.19;15568.9;STOP
38;2019;18;4.628;-36.19;2004-08-03 20:47:00;3.21;4.1;10343.5;STOP
38;2020;18;4.599;-36.191;2004-08-03 21:00:00;5.28;4.14;3226.56;STOP
38;2021;18;4.547;-36.188;2004-08-03 21:25:00;2.54;3.86;5791.69;STOP
38;2022;18;4.472;-36.187;2004-08-03 22:00:00;0.76;3.97;8340.36;STOP
38;2023;18;4.424;-36.187;2004-08-03 22:21:00;1.25;4.24;5337.36;STOP
38;2024;18;4.332;-36.185;2004-08-03 23:04:00;0.79;3.97;10232.3;STOP
38;2025;18;4.207;-36.184;2004-08-04 00:00:00;1.82;4.14;13899.8;STOP
38;2026;18;4.123;-36.186;2004-08-04 00:38:00;2.83;4.1;9343.01;STOP
38;2027;18;4.084;-36.185;2004-08-04 01:00:00;133.53;3.29;4338.02;STOP
38;2028;18;4.103;-36.166;2004-08-04 02:00:00;26.09;0.83;2984.01;STOP
38;2029;18;4.246;-36.117;2004-08-04 03:00:00;0.5;4.67;16803.8;STOP
38;2030;18;4.385;-36.068;2004-08-04 04:00:00;0.3;4.55;16383.2;STOP
38;2031;18;4.46;-36.042;2004-08-04 04:33:00;6.78;4.46;8823.71;STOP
38;2032;18;4.492;-36.035;2004-08-04 04:48:00;0.65;4.05;3641.87;STOP
38;2033;18;4.521;-36.029;2004-08-04 05:00:00;2.75;4.57;3292.53;STOP
38;2034;18;4.653;-35.995;2004-08-04 06:00:00;3.73;4.21;15153.8;STOP
38;2035;18;4.69;-35.988;2004-08-04 06:17:00;1.44;4.1;4186.71;STOP
38;2036;18;4.788;-35.972;2004-08-04 07:00:00;20.1;4.28;11040.4;STOP
38;2037;18;4.856;-35.985;2004-08-04 07:33:00;100.82;3.89;7697.23;STOP
38;2038;18;4.856;-35.98;2004-08-04 08:00:00;65.34;0.34;553.98;STOP
38;2039;18;4.795;-35.952;2004-08-04 08:39:00;11.78;3.19;7458.73;STOP
38;2040;18;4.76;-35.944;2004-08-04 09:00:00;7.68;3.17;3991.5;STOP
38;2041;18;4.738;-35.942;2004-08-04 09:12:00;3.49;3.41;2456.31;STOP
38;2042;18;4.666;-35.931;2004-08-04 10:00:00;6.08;2.81;8098.31;STOP
38;2043;18;4.644;-35.93;2004-08-04 10:13:00;1.09;3.14;2448.8;STOP
38;2044;18;4.582;-35.926;2004-08-04 11:00:00;3.69;2.45;6908.33;STOP
38;2045;18;4.516;-35.926;2004-08-04 11:33:00;9.09;3.71;7338.87;STOP
38;2046;18;4.491;-35.93;2004-08-04 11:48:00;8.56;3.13;2815.01;STOP
38;2047;18;4.469;-35.937;2004-08-04 12:00:00;39.84;3.56;2566.41;STOP
38;2048;18;4.393;-35.906;2004-08-04 13:00:00;25.99;2.53;9122.91;STOP
38;2049;18;4.376;-35.887;2004-08-04 13:12:00;35.58;3.93;2830.32;STOP
38;2050;18;4.291;-35.868;2004-08-04 14:00:00;4.71;3.36;9683.5;STOP
38;2051;18;4.19;-35.854;2004-08-04 15:00:00;31.72;3.15;11337.5;STOP
38;2052;19;4.113;-35.888;2004-08-04 15:48:00;7.14;3.25;9355.55;MOVE
38;2053;19;4.093;-35.9;2004-08-04 16:00:00;83.52;3.6;2591.73;MOVE
38;2054;20;4.008;-35.789;2004-08-04 17:00:00;1.1;4.31;15521.4;STOP
38;2055;20;3.961;-35.73;2004-08-04 17:33:00;7.12;4.23;8375.27;STOP
38;2056;20;3.917;-35.687;2004-08-04 18:01:00;45.21;4.07;6833.08;STOP
38;2057;20;3.785;-35.689;2004-08-04 19:00:00;0.87;4.15;14679.4;STOP
38;2058;20;3.703;-35.689;2004-08-04 19:36:00;1.06;4.22;9117.98;STOP
38;2059;20;3.649;-35.69;2004-08-04 20:00:00;1.73;4.17;6005.55;STOP
38;2060;20;3.608;-35.692;2004-08-04 20:19:00;1.59;4;4564.39;STOP
38;2061;20;3.513;-35.694;2004-08-04 21:00:00;0.53;4.3;10565.8;STOP
38;2062;20;3.48;-35.695;2004-08-04 21:15:00;0.91;4.08;3671.11;STOP
38;2063;20;3.372;-35.7;2004-08-04 22:02:00;0.62;4.26;12021.9;STOP
38;2064;20;3.267;-35.706;2004-08-04 22:49:00;0.88;4.15;11694.5;STOP
38;2065;20;3.243;-35.707;2004-08-04 23:00:00;3.24;4.05;2670.99;STOP
38;2066;20;3.109;-35.705;2004-08-05 00:00:00;0.86;4.14;14901.8;STOP
38;2067;20;3.057;-35.705;2004-08-05 00:24:00;170.87;4.02;5782.14;STOP
38;2068;20;3.113;-35.696;2004-08-05 01:00:00;4.76;2.92;6306.59;STOP
38;2069;20;3.257;-35.685;2004-08-05 02:03:00;1.71;4.25;16058.6;STOP
38;2070;20;3.386;-35.679;2004-08-05 03:00:00;0.68;4.2;14359.6;STOP
38;2071;20;3.523;-35.671;2004-08-05 04:00:00;5.4;4.24;15259.6;STOP
38;2072;20;3.575;-35.663;2004-08-05 04:24:00;0.72;4.06;5849.9;STOP
38;2073;20;3.587;-35.661;2004-08-05 04:29:00;6.7;4.51;1352.67;STOP
38;2074;20;3.656;-35.641;2004-08-05 05:00:00;3.82;4.29;7987.02;STOP
38;2075;20;3.788;-35.593;2004-08-05 06:00:00;9.49;4.34;15614.2;STOP
38;2076;20;3.815;-35.588;2004-08-05 06:12:00;5.92;4.24;3053.09;STOP
38;2077;20;3.84;-35.586;2004-08-05 07:00:00;51.74;0.97;2788.72;STOP
38;2078;20;3.842;-35.583;2004-08-05 07:13:00;95.51;0.51;400.3;STOP
38;2079;20;3.814;-35.568;2004-08-05 08:09:00;43.01;1.05;3530.32;STOP
38;2080;20;3.746;-35.586;2004-08-05 09:00:00;6.03;2.56;7820.56;STOP
38;2081;20;3.662;-35.618;2004-08-05 09:48:00;0.87;3.47;9992.54;STOP
38;2082;20;3.64;-35.626;2004-08-05 10:00:00;0.7;3.61;2602.39;STOP
38;2083;20;3.542;-35.663;2004-08-05 11:00:00;1.12;3.23;11645;STOP
38;2084;20;3.512;-35.675;2004-08-05 11:18:00;8.41;3.33;3591.88;STOP
38;2085;20;3.491;-35.68;2004-08-05 11:41:00;1.43;1.74;2400.13;STOP
38;2086;20;3.457;-35.689;2004-08-05 12:00:00;3.43;3.43;3910.37;STOP
38;2087;20;3.363;-35.72;2004-08-05 12:57:00;4.56;3.22;11004.1;STOP
38;2088;20;3.256;-35.765;2004-08-05 14:00:00;14.94;3.41;12904;STOP
38;2089;20;3.162;-35.778;2004-08-05 15:00:00;2.48;2.93;10551.5;STOP
38;2090;20;3.109;-35.783;2004-08-05 15:38:00;13.79;2.6;5919.42;STOP
38;2091;20;3.086;-35.791;2004-08-05 16:00:00;8.69;2.05;2707.35;STOP
38;2092;20;3.005;-35.806;2004-08-05 17:00:00;102.2;2.54;9159.5;STOP
38;2093;20;3.007;-35.739;2004-08-05 17:31:00;0.85;4;7443.13;STOP
38;2094;20;3.008;-35.672;2004-08-05 18:00:00;3.94;4.28;7440.63;STOP
38;2095;20;3.001;-35.542;2004-08-05 19:00:00;50.05;4.02;14456.4;STOP
38;2096;20;2.985;-35.53;2004-08-05 19:10:00;0.85;3.7;2222.81;STOP
38;2097;20;2.91;-35.472;2004-08-05 19:52:00;0.48;4.18;10537.2;STOP
38;2098;20;2.788;-35.376;2004-08-05 21:00:00;0.17;4.23;17253.9;STOP
38;2099;20;2.716;-35.319;2004-08-05 21:40:00;1.28;4.25;10206.7;STOP
38;2100;20;2.681;-35.29;2004-08-05 22:00:00;0.66;4.21;5051.89;STOP
38;2101;20;2.602;-35.223;2004-08-05 22:46:00;2.73;4.17;11513.1;STOP
38;2102;20;2.576;-35.203;2004-08-05 23:00:00;4.27;4.34;3646.08;STOP
38;2103;20;2.471;-35.109;2004-08-06 00:01:00;0.77;4.28;15663.8;STOP
38;2104;20;2.37;-35.021;2004-08-06 01:00:00;178.3;4.21;14889.8;STOP
38;2105;20;2.41;-35.058;2004-08-06 01:40:00;3.04;2.52;6056.42;STOP
38;2106;20;2.445;-35.094;2004-08-06 02:00:00;3.51;4.65;5580.47;STOP
38;2107;20;2.543;-35.208;2004-08-06 03:00:00;2.38;4.64;16707.2;STOP
38;2108;20;2.637;-35.327;2004-08-06 04:00:00;3.48;4.68;16851.8;STOP
38;2109;20;2.653;-35.35;2004-08-06 04:12:00;3.62;4.32;3113.21;STOP
38;2110;20;2.73;-35.447;2004-08-06 05:00:00;3.03;4.78;13761.8;STOP
38;2111;20;2.829;-35.559;2004-08-06 06:00:00;13.3;4.61;16610.7;STOP
38;2112;20;2.874;-35.643;2004-08-06 07:00:00;79.52;2.94;10586;STOP
38;2113;20;2.859;-35.655;2004-08-06 07:48:00;20.22;0.74;2134.94;STOP
38;2114;20;2.856;-35.656;2004-08-06 08:00:00;84.47;0.49;351.59;STOP
38;2115;20;2.844;-35.629;2004-08-06 08:35:00;29.65;1.56;3282.04;STOP
38;2116;20;2.825;-35.615;2004-08-06 09:00:00;8.08;1.75;2623.17;STOP
38;2117;20;2.786;-35.594;2004-08-06 09:36:00;11.6;2.28;4923.99;STOP
38;2118;20;2.726;-35.576;2004-08-06 10:09:00;2.25;3.52;6964.79;STOP
38;2119;20;2.659;-35.553;2004-08-06 11:00:00;4.41;2.57;7875.89;STOP
38;2120;20;2.615;-35.534;2004-08-06 11:24:00;4.89;3.7;5328.36;STOP
38;2121;20;2.548;-35.498;2004-08-06 12:00:00;13.79;3.91;8455.47;STOP
38;2122;20;2.487;-35.443;2004-08-06 12:39:00;2.02;3.9;9128.94;STOP
38;2123;20;2.456;-35.413;2004-08-06 13:00:00;21.2;3.81;4794.71;STOP
38;2124;21;2.409;-35.311;2004-08-06 14:00:00;10.7;3.47;12478.8;MOVE
38;2125;21;2.403;-35.287;2004-08-06 14:13:00;4.19;3.52;2748.53;MOVE
38;2126;21;2.376;-35.205;2004-08-06 15:00:00;21.3;3.4;9592.01;MOVE
38;2127;21;2.343;-35.165;2004-08-06 15:28:00;44.29;3.43;5763.17;MOVE
38;2128;21;2.348;-35.105;2004-08-06 16:00:00;3.15;3.48;6689.25;MOVE
38;2129;21;2.352;-34.963;2004-08-06 17:07:00;0.62;3.93;15782.7;MOVE
38;2130;22;2.354;-34.848;2004-08-06 18:00:00;1.47;4.02;12778.6;STOP
38;2131;22;2.353;-34.727;2004-08-06 19:00:00;0.47;3.73;13443.7;STOP
38;2132;22;2.353;-34.659;2004-08-06 19:33:00;0;3.82;7554.88;STOP
38;2133;22;2.353;-34.601;2004-08-06 20:00:00;0;3.98;6443.87;STOP
38;2134;22;2.353;-34.56;2004-08-06 20:20:00;0;3.8;4555.15;STOP
38;2135;22;2.353;-34.5;2004-08-06 20:49:00;29.74;3.83;6666.07;STOP
38;2136;22;2.365;-34.479;2004-08-06 21:00:00;21.96;4.07;2687.73;STOP
38;2137;22;2.384;-34.464;2004-08-06 21:12:00;3.21;3.74;2690.86;STOP
38;2138;22;2.462;-34.395;2004-08-06 22:00:00;0.54;4.02;11575.2;STOP
38;2139;22;2.515;-34.349;2004-08-06 22:32:00;1.86;4.06;7800.31;STOP
38;2140;22;2.563;-34.31;2004-08-06 23:00:00;0.41;4.09;6874.34;STOP
38;2141;22;2.62;-34.263;2004-08-06 23:34:00;42.87;4.03;8211.49;STOP
38;2142;22;2.664;-34.227;2004-08-07 00:00:00;112.62;3.39;5089.61;STOP
38;2143;22;2.681;-34.255;2004-08-07 01:00:00;54.29;1.01;3639.48;STOP
38;2144;22;2.664;-34.295;2004-08-07 01:18:00;2.74;4.47;4828.37;STOP
38;2145;22;2.63;-34.387;2004-08-07 02:00:00;0.26;4.32;10895.9;STOP
38;2146;22;2.583;-34.516;2004-08-07 03:00:00;5.61;4.24;15252.6;STOP
38;2147;22;2.524;-34.639;2004-08-07 04:00:00;9.47;4.21;15156.8;STOP
38;2148;22;2.446;-34.75;2004-08-07 05:00:00;3.64;4.19;15075.8;STOP
38;2149;22;2.373;-34.841;2004-08-07 05:51:00;4.32;4.24;12965.2;STOP
38;2150;22;2.336;-34.895;2004-08-07 07:00:00;46.95;1.76;7274.63;STOP
38;2151;22;2.338;-34.904;2004-08-07 07:26:00;147.53;0.66;1024.35;STOP
38;2152;22;2.329;-34.895;2004-08-07 08:00:00;5.19;0.69;1414.69;STOP
38;2153;22;2.323;-34.89;2004-08-07 08:13:00;35.4;1.11;868.17;STOP
38;2154;22;2.309;-34.837;2004-08-07 09:00:00;7.1;2.16;6090.82;STOP
38;2155;22;2.304;-34.8;2004-08-07 09:33:00;2.5;2.1;4148.31;STOP
38;2156;22;2.303;-34.789;2004-08-07 09:47:00;6.12;1.46;1227.2;STOP
38;2157;22;2.301;-34.779;2004-08-07 10:00:00;6.41;1.45;1133.09;STOP
38;2158;22;2.295;-34.709;2004-08-07 11:00:00;7.53;2.17;7805.95;STOP
38;2159;22;2.299;-34.622;2004-08-07 12:05:00;30.2;2.48;9676.41;STOP
38;2160;22;2.339;-34.56;2004-08-07 13:00:00;30.61;2.48;8199.6;STOP
38;2161;22;2.423;-34.518;2004-08-07 13:54:00;11.63;3.22;10441;STOP
38;2162;22;2.528;-34.49;2004-08-07 15:00:00;6.8;3.05;12082.7;STOP
38;2163;22;2.542;-34.488;2004-08-07 15:14:00;22.59;1.87;1572.5;STOP
38;2164;22;2.611;-34.447;2004-08-07 16:00:00;20.06;3.23;8922.38;STOP
38;2165;22;2.651;-34.398;2004-08-07 16:53:00;37.32;2.21;7029.02;STOP
38;2166;22;2.655;-34.278;2004-08-07 18:00:00;94.64;3.32;13336.5;STOP
38;2167;22;2.592;-34.281;2004-08-07 18:27:00;3.48;4.33;7013.2;STOP
38;2168;22;2.516;-34.28;2004-08-07 19:00:00;0.92;4.27;8451.54;STOP
38;2169;22;2.379;-34.276;2004-08-07 20:00:00;51.87;4.23;15240.2;STOP
38;2170;22;2.339;-34.324;2004-08-07 20:34:00;42.19;3.4;6944.21;STOP
38;2171;22;2.341;-34.372;2004-08-07 20:53:00;1.72;4.68;5337.54;STOP
38;2172;22;2.343;-34.544;2004-08-07 22:00:00;4.61;4.75;19110.8;STOP
38;2173;22;2.339;-34.602;2004-08-07 22:23:00;2.12;4.68;6459.26;STOP
38;2174;22;2.336;-34.696;2004-08-07 23:00:00;1.03;4.71;10449;STOP
38;2175;22;2.334;-34.736;2004-08-07 23:15:00;2.32;4.94;4449.66;STOP
