tid;gid;sid;latitude;longitude;time;direction_inference;speed_inference_m_s;distance_inference_m;label
2;166;6;0.612;-34.96;2004-04-20 00:58:00;2.13;3.55;14068.8;STOP
2;167;6;0.578;-34.832;2004-04-20 02:03:00;1.58;3.78;14725.8;STOP
2;168;6;0.565;-34.777;2004-04-20 02:31:00;2.91;3.74;6283.94;STOP
2;169;6;0.554;-34.717;2004-04-20 03:00:00;0.62;3.9;6782.58;STOP
2;170;6;0.533;-34.595;2004-04-20 04:00:00;2.43;3.82;13764.7;STOP
2;171;6;0.517;-34.521;2004-04-20 04:39:00;16.19;3.6;8418.23;STOP
2;172;6;0.497;-34.484;2004-04-20 05:00:00;5.44;3.71;4676.66;STOP
2;173;6;0.461;-34.399;2004-04-20 06:00:00;14.82;2.85;10264;STOP
2;174;6;0.456;-34.364;2004-04-20 07:00:00;66.8;1.09;3931.21;STOP
2;175;6;0.479;-34.35;2004-04-20 07:38:00;96.21;1.31;2993.99;STOP
2;176;6;0.494;-34.382;2004-04-20 08:00:00;54.08;2.98;3929.65;STOP
2;177;6;0.463;-34.438;2004-04-20 08:38:00;17.28;3.12;7117.15;STOP
2;178;6;0.457;-34.467;2004-04-20 09:00:00;34.31;2.49;3292.85;STOP
2;179;6;0.467;-34.491;2004-04-20 09:16:00;5.49;3.01;2890.99;STOP
2;180;6;0.506;-34.564;2004-04-20 10:00:00;34.37;3.49;9202.76;STOP
2;181;6;0.498;-34.637;2004-04-20 10:54:00;37.82;2.52;8165.52;STOP
2;182;6;0.437;-34.7;2004-04-20 11:46:00;5.42;3.13;9750.81;STOP
2;183;6;0.429;-34.71;2004-04-20 12:00:00;64.43;1.7;1423.97;STOP
2;184;6;0.471;-34.797;2004-04-20 13:00:00;32.9;2.98;10742;STOP
2;185;6;0.517;-34.825;2004-04-20 13:29:00;5.33;3.44;5987.97;STOP
2;186;6;0.558;-34.845;2004-04-20 14:00:00;23.88;2.73;5072.44;STOP
2;187;6;0.612;-34.847;2004-04-20 14:34:00;39.6;2.95;6008.64;STOP
2;188;6;0.642;-34.824;2004-04-20 15:00:00;20.09;2.69;4203.31;STOP
2;189;7;0.71;-34.717;2004-04-20 15:54:00;0.3;4.35;14096.5;MOVE
2;190;7;0.791;-34.591;2004-04-20 17:00:00;3.09;4.21;16654.9;MOVE
2;191;7;0.828;-34.526;2004-04-20 17:33:00;1.74;4.2;8315.98;MOVE
2;192;7;0.864;-34.467;2004-04-20 18:01:00;0.37;4.57;7684.72;MOVE
2;193;7;0.942;-34.341;2004-04-20 19:00:00;0.5;4.65;16476.4;MOVE
2;194;7;0.993;-34.257;2004-04-20 19:40:00;1.81;4.55;10926;MOVE
2;195;7;1.021;-34.214;2004-04-20 20:00:00;1.64;4.75;5705.1;MOVE
2;196;7;1.043;-34.178;2004-04-20 20:17:00;2.26;4.6;4690.77;MOVE
2;197;7;1.103;-34.088;2004-04-20 21:00:00;0.84;4.66;12026.1;MOVE
2;198;7;1.189;-33.963;2004-04-20 22:05:00;0.37;4.33;16868.9;MOVE
2;199;7;1.246;-33.879;2004-04-20 22:52:00;2.71;4;11286;MOVE
2;200;7;1.309;-33.776;2004-04-20 23:39:00;1.1;4.76;13423.2;MOVE
2;201;7;1.339;-33.729;2004-04-21 00:00:00;1.12;4.92;6198.88;MOVE
2;202;7;1.372;-33.675;2004-04-21 00:25:00;1.9;4.69;7035.54;MOVE
2;203;7;1.42;-33.602;2004-04-21 01:00:00;4.55;4.63;9712.76;MOVE
2;204;7;1.497;-33.503;2004-04-21 01:50:00;5.39;4.65;13943.2;MOVE
2;205;7;1.529;-33.469;2004-04-21 02:08:00;4.94;4.81;5190.78;MOVE
2;206;7;1.612;-33.364;2004-04-21 03:00:00;1.91;4.77;14879.2;MOVE
2;207;7;1.702;-33.242;2004-04-21 04:00:00;0.45;4.68;16853.1;MOVE
2;208;7;1.738;-33.194;2004-04-21 04:24:00;2.3;4.63;6669.77;MOVE
2;209;7;1.76;-33.167;2004-04-21 04:38:00;2.1;4.61;3871.63;MOVE
2;210;7;1.794;-33.122;2004-04-21 05:00:00;2.91;4.75;6269.51;MOVE
2;211;7;1.889;-32.982;2004-04-21 06:08:00;2.8;4.61;18806.3;MOVE
2;212;7;1.968;-32.877;2004-04-21 07:00:00;1.2;4.68;14605.8;MOVE
2;213;7;1.99;-32.849;2004-04-21 07:14:00;0.5;4.71;3958.08;MOVE
2;214;7;2.061;-32.757;2004-04-21 08:00:00;5.94;4.68;12917;MOVE
2;215;7;2.129;-32.647;2004-04-21 08:53:00;5.52;4.52;14372.9;MOVE
2;216;7;2.221;-32.526;2004-04-21 10:00:00;0.1;4.2;16894.3;MOVE
2;217;7;2.279;-32.45;2004-04-21 10:41:00;0.53;4.32;10625.4;MOVE
2;218;7;2.307;-32.414;2004-04-21 11:00:00;1.44;4.45;5068.74;MOVE
2;219;7;2.338;-32.372;2004-04-21 11:23:00;0.44;4.2;5801.46;MOVE
2;220;7;2.389;-32.304;2004-04-21 12:00:00;0;4.26;9446.42;MOVE
2;221;7;2.455;-32.216;2004-04-21 12:48:00;1.33;4.24;12224.5;MOVE
2;222;7;2.475;-32.188;2004-04-21 13:02:00;27.91;4.55;3823.8;MOVE
2;223;7;2.49;-32.076;2004-04-21 14:00:00;11.9;3.61;12553.4;MOVE
2;224;7;2.485;-32.009;2004-04-21 14:31:00;0.8;4.01;7463.78;MOVE
2;225;7;2.481;-31.943;2004-04-21 15:00:00;0.3;4.22;7345.45;MOVE
2;226;7;2.475;-31.852;2004-04-21 15:41:00;0.31;4.12;10131.3;MOVE
2;227;7;2.472;-31.81;2004-04-21 16:00:00;51.33;4.1;4677.75;MOVE
2;228;7;2.525;-31.761;2004-04-21 17:00:00;7.88;2.23;8022.57;MOVE
2;229;7;2.558;-31.738;2004-04-21 17:19:00;81.69;3.92;4471.31;MOVE
2;230;7;2.545;-31.712;2004-04-21 17:38:00;32.06;2.83;3229.75;MOVE
2;231;8;2.504;-31.687;2004-04-21 18:00:00;12.01;4.04;5338.27;STOP
2;232;8;2.413;-31.601;2004-04-21 19:00:00;63.61;3.87;13916.4;STOP
2;233;8;2.424;-31.565;2004-04-21 19:17:00;3.95;4.1;4182.31;STOP
2;234;8;2.443;-31.483;2004-04-21 20:00:00;45.65;3.62;9351.54;STOP
2;235;8;2.372;-31.372;2004-04-21 21:00:00;46.82;4.07;14642.4;STOP
2;236;8;2.391;-31.297;2004-04-21 21:38:00;33.02;3.77;8596.09;STOP
2;237;8;2.431;-31.26;2004-04-21 22:00:00;25.53;4.59;6056.38;STOP
2;238;8;2.472;-31.157;2004-04-21 23:00:00;66.71;3.42;12317.4;STOP
2;239;8;2.433;-31.118;2004-04-21 23:26:00;0.73;3.93;6130.07;STOP
2;240;8;2.394;-31.078;2004-04-21 23:54:00;140.01;3.7;6209.18;STOP
2;241;8;2.403;-31.198;2004-04-22 01:00:00;4.21;3.38;13369.2;STOP
2;242;8;2.416;-31.285;2004-04-22 01:42:00;1.19;3.88;9772.9;STOP
2;243;8;2.423;-31.326;2004-04-22 02:00:00;1.29;4.28;4620.95;STOP
2;244;8;2.436;-31.414;2004-04-22 02:43:00;8.15;3.83;9882.65;STOP
2;245;8;2.447;-31.451;2004-04-22 03:00:00;7.55;4.2;4288.6;STOP
2;246;8;2.498;-31.565;2004-04-22 04:00:00;1.85;3.85;13876.1;STOP
2;247;8;2.507;-31.587;2004-04-22 04:11:00;6.05;4;2640.91;STOP
2;248;8;2.521;-31.613;2004-04-22 04:25:00;31.19;3.91;3281.1;STOP
2;249;8;2.577;-31.646;2004-04-22 05:00:00;34.71;3.44;7225.83;STOP
2;250;8;2.583;-31.659;2004-04-22 06:09:00;126.34;0.38;1590.74;STOP
2;251;8;2.599;-31.63;2004-04-22 07:00:00;73.2;1.2;3680;STOP
2;252;8;2.558;-31.588;2004-04-22 07:52:00;71.69;2.09;6523.11;STOP
2;253;8;2.587;-31.532;2004-04-22 08:30:00;7.58;3.07;7006.76;STOP
2;254;8;2.596;-31.507;2004-04-22 08:44:00;38.82;3.51;2951.85;STOP
2;255;8;2.586;-31.478;2004-04-22 09:00:00;19.82;3.55;3407.87;STOP
2;256;8;2.524;-31.401;2004-04-22 10:00:00;17.99;3.05;10985.9;STOP
2;257;8;2.516;-31.38;2004-04-22 10:13:00;5.43;3.2;2496.69;STOP
2;258;8;2.508;-31.351;2004-04-22 10:31:00;38.92;3.09;3342.11;STOP
2;259;8;2.528;-31.305;2004-04-22 10:59:00;25.17;3.32;5572.98;STOP
2;260;8;2.611;-31.232;2004-04-22 12:00:00;48.67;3.36;12285.5;STOP
2;261;8;2.611;-31.165;2004-04-22 12:37:00;45;3.35;7442.33;STOP
2;262;8;2.579;-31.133;2004-04-22 13:00:00;78.69;3.64;5029.53;STOP
2;263;8;2.573;-31.137;2004-04-22 14:00:00;92.88;0.22;801.59;STOP
2;264;9;2.596;-31.168;2004-04-22 14:16:00;0.21;4.47;4289.37;MOVE
2;265;9;2.663;-31.259;2004-04-22 15:00:00;2.15;4.76;12556.9;MOVE
2;266;9;2.702;-31.308;2004-04-22 15:26:00;38.95;4.46;6959.01;MOVE
2;267;9;2.711;-31.31;2004-04-22 16:00:00;49.61;0.5;1025.11;MOVE
2;268;9;2.748;-31.38;2004-04-22 17:00:00;34.98;2.44;8796.28;MOVE
2;269;9;2.744;-31.412;2004-04-22 17:14:00;18.22;4.26;3581.87;MOVE
2;270;9;2.699;-31.507;2004-04-22 18:00:00;4.64;4.23;11677.9;MOVE
2;271;9;2.651;-31.634;2004-04-22 18:57:00;23.81;4.41;15082.3;MOVE
2;272;10;2.593;-31.693;2004-04-22 19:39:00;37.72;3.65;9194.76;STOP
2;273;10;2.549;-31.699;2004-04-22 20:00:00;7.2;3.92;4937.77;STOP
2;274;10;2.433;-31.73;2004-04-22 21:00:00;0.46;3.71;13350.4;STOP
2;275;10;2.404;-31.738;2004-04-22 21:13:00;5.73;4.29;3344.89;STOP
2;276;10;2.363;-31.745;2004-04-22 21:32:00;10.48;4.06;4624.85;STOP
2;277;10;2.314;-31.763;2004-04-22 22:00:00;71.75;3.45;5803.97;STOP
2;278;10;2.319;-31.912;2004-04-22 23:00:00;32.19;4.6;16563.8;STOP
2;279;10;2.34;-31.943;2004-04-22 23:15:00;18.05;4.62;4161.15;STOP
2;280;10;2.359;-32.009;2004-04-22 23:48:00;43.47;3.85;7630.99;STOP
2;281;10;2.345;-32.036;2004-04-23 00:00:00;25.9;4.69;3379.62;STOP
2;282;10;2.243;-32.112;2004-04-23 01:00:00;158.52;3.93;14140;STOP
2;283;10;2.261;-32.083;2004-04-23 01:27:00;16.32;2.34;3793.2;STOP
2;284;10;2.309;-32.04;2004-04-23 02:00:00;10.36;3.62;7163.28;STOP
2;285;10;2.378;-31.951;2004-04-23 03:00:00;5.33;3.48;12515.6;STOP
2;286;10;2.466;-31.857;2004-04-23 04:06:00;7.84;3.61;14311;STOP
2;287;10;2.556;-31.784;2004-04-23 05:00:00;21.21;3.98;12880.8;STOP
2;288;10;2.643;-31.756;2004-04-23 05:49:00;29.15;3.46;10161.7;STOP
2;289;10;2.668;-31.761;2004-04-23 06:00:00;37.87;4.3;2834.81;STOP
2;290;10;2.732;-31.729;2004-04-23 07:00:00;146.24;2.21;7954.7;STOP
2;291;10;2.637;-31.717;2004-04-23 08:06:00;25.63;2.69;10647.3;STOP
2;292;10;2.604;-31.728;2004-04-23 08:30:00;20.07;2.69;3867.52;STOP
2;293;10;2.56;-31.763;2004-04-23 09:00:00;29.7;3.47;6249.23;STOP
2;294;10;2.476;-31.776;2004-04-23 09:49:00;5.43;3.21;9451.36;STOP
2;295;10;2.459;-31.777;2004-04-23 10:00:00;11.9;2.87;1893.58;STOP
2;296;10;2.439;-31.774;2004-04-23 10:13:00;91.23;2.88;2248.73;STOP
2;297;10;2.434;-31.813;2004-04-23 10:41:00;13.16;2.6;4368.21;STOP
2;298;10;2.438;-31.852;2004-04-23 11:00:00;12.58;3.82;4355.45;STOP
2;299;10;2.475;-31.963;2004-04-23 12:00:00;13.47;3.61;12999.5;STOP
2;300;10;2.477;-31.986;2004-04-23 12:15:00;7.83;2.85;2564.76;STOP
2;301;10;2.475;-32.026;2004-04-23 13:00:00;34.15;1.65;4449.21;STOP
2;302;10;2.426;-32.091;2004-04-23 14:02:00;26.17;2.43;9046.02;STOP
2;303;10;2.335;-32.137;2004-04-23 15:00:00;20.16;3.26;11336.1;STOP
2;304;10;2.307;-32.167;2004-04-23 15:17:00;1.25;4.47;4561.06;STOP
2;305;11;2.24;-32.242;2004-04-23 16:00:00;26.25;4.33;11177.8;MOVE
2;306;11;2.205;-32.368;2004-04-23 16:56:00;5.09;4.32;14530.9;MOVE
2;307;11;2.177;-32.52;2004-04-23 18:00:00;1.2;4.47;17173.8;MOVE
2;308;11;2.163;-32.588;2004-04-23 18:30:00;0.32;4.29;7714.53;MOVE
2;309;11;2.149;-32.658;2004-04-23 19:00:00;1.53;4.41;7932.39;MOVE
2;310;11;2.144;-32.687;2004-04-23 19:12:00;9.78;4.54;3270;MOVE
2;311;12;2.144;-32.815;2004-04-23 20:08:00;29.44;4.23;14223;STOP
2;312;12;2.201;-32.916;2004-04-23 20:55:00;2.65;4.57;12888.7;STOP
2;313;12;2.238;-32.975;2004-04-23 21:23:00;1.02;4.61;7739.66;STOP
2;314;12;2.285;-33.053;2004-04-23 22:00:00;37.2;4.56;10120.3;STOP
2;315;12;2.272;-33.174;2004-04-23 23:02:00;23.23;3.63;13521.4;STOP
2;316;12;2.288;-33.226;2004-04-23 23:25:00;0.05;4.38;6045.28;STOP
2;317;12;2.311;-33.301;2004-04-24 00:00:00;56.52;4.15;8716.54;STOP
2;318;12;2.227;-33.403;2004-04-24 00:59:00;151.84;4.15;14686;STOP
2;319;12;2.246;-33.308;2004-04-24 02:00:00;4.4;2.94;10764.8;STOP
2;320;12;2.258;-33.209;2004-04-24 02:47:00;1.01;3.93;11080.4;STOP
2;321;12;2.261;-33.18;2004-04-24 03:00:00;8.76;4.15;3239.37;STOP
2;322;12;2.289;-33.073;2004-04-24 03:52:00;3.97;3.94;12289.4;STOP
2;323;12;2.316;-32.93;2004-04-24 05:00:00;17.03;3.96;16169.2;STOP
2;324;12;2.311;-32.885;2004-04-24 05:22:00;3.12;3.81;5030.51;STOP
2;325;12;2.306;-32.855;2004-04-24 05:36:00;1.65;4.02;3379.19;STOP
2;326;12;2.299;-32.804;2004-04-24 06:00:00;33.02;3.97;5719.57;STOP
2;327;12;2.229;-32.723;2004-04-24 07:00:00;159.39;3.31;11898.8;STOP
2;328;12;2.236;-32.742;2004-04-24 08:00:00;8.59;0.63;2250.02;STOP
2;329;12;2.258;-32.782;2004-04-24 08:25:00;3.46;3.38;5073.15;STOP
2;330;12;2.27;-32.801;2004-04-24 08:39:00;3.09;2.97;2497.4;STOP
2;331;12;2.292;-32.832;2004-04-24 09:00:00;3.36;3.35;4224.64;STOP
2;332;12;2.312;-32.864;2004-04-24 09:21:00;0.82;3.33;4193.61;STOP
2;333;12;2.352;-32.926;2004-04-24 10:00:00;1.37;3.5;8199.55;STOP
2;334;12;2.404;-33.011;2004-04-24 11:00:00;45.62;3.08;11073;STOP
2;335;12;2.378;-33.114;2004-04-24 11:56:00;29.1;3.51;11802.7;STOP
2;336;12;2.394;-33.174;2004-04-24 13:00:00;19.22;1.8;6899.25;STOP
2;337;12;2.391;-33.214;2004-04-24 13:44:00;18.54;1.69;4456.42;STOP
2;338;12;2.383;-33.233;2004-04-24 14:00:00;19.68;2.39;2290.65;STOP
2;339;12;2.317;-33.305;2004-04-24 15:08:00;56.15;2.66;10855.8;STOP
2;340;13;2.342;-33.408;2004-04-24 16:00:00;28.57;3.77;11776.4;MOVE
2;341;13;2.322;-33.483;2004-04-24 16:37:00;60.33;3.88;8624.37;MOVE
2;342;13;2.265;-33.498;2004-04-24 17:00:00;40.84;4.75;6553.56;MOVE
2;343;13;2.191;-33.606;2004-04-24 18:06:00;15.2;3.67;14550.1;MOVE
2;344;13;2.153;-33.715;2004-04-24 19:00:00;5.03;3.96;12827.5;MOVE
2;345;13;2.112;-33.806;2004-04-24 19:45:00;19.35;4.11;11092;MOVE
2;346;13;2.109;-33.841;2004-04-24 20:00:00;53.81;4.34;3903.46;MOVE
2;347;13;2.058;-33.872;2004-04-24 20:27:00;9.02;4.1;6635.21;MOVE
2;348;14;1.975;-33.906;2004-04-24 21:09:00;38.96;3.96;9972.62;STOP
2;349;14;1.919;-34.008;2004-04-24 22:00:00;36.79;4.23;12933.1;STOP
2;350;14;1.897;-34.018;2004-04-24 22:11:00;86.3;4.07;2686.89;STOP
2;351;14;1.922;-34.084;2004-04-24 22:48:00;9;3.53;7843.9;STOP
2;352;14;1.938;-34.112;2004-04-24 23:02:00;7.48;4.27;3584.4;STOP
12;996;18;1.53;-36.666;2004-08-26 00:00:00;21.5014;3.30192;5150.99;STOP
12;997;18;1.464;-36.657;2004-08-26 00:49:00;52.7652;2.5193;7406.74;STOP
12;998;18;1.448;-36.673;2004-08-26 01:00:00;30.0184;3.81159;2515.65;STOP
12;999;18;1.377;-36.692;2004-08-26 02:00:00;12.5712;2.27013;8172.47;STOP
12;1000;18;1.354;-36.704;2004-08-26 02:23:00;41.5891;2.0902;2884.47;STOP
12;1001;18;1.314;-36.694;2004-08-26 03:00:00;12.5288;2.06514;4584.61;STOP
12;1002;18;1.254;-36.664;2004-08-26 03:48:00;16.46;2.58986;7458.81;STOP
12;1003;18;1.239;-36.65;2004-08-26 04:00:00;3.21949;3.16844;2281.28;STOP
12;1004;18;1.167;-36.59;2004-08-26 05:00:00;9.02142;2.89461;10420.6;STOP
12;1005;18;1.12;-36.562;2004-08-26 05:37:00;28.7503;2.74008;6082.97;STOP
12;1006;18;1.1;-36.528;2004-08-26 06:00:00;42.1804;3.17797;4385.6;STOP
12;1007;18;1.084;-36.523;2004-08-26 06:10:00;25.9446;3.10656;1863.94;STOP
12;1008;18;1.032;-36.474;2004-08-26 07:00:00;22.5731;2.64805;7944.16;STOP
12;1009;19;0.958;-36.446;2004-08-26 07:59:00;9.44796;2.4852;8797.59;MOVE
12;1010;19;0.872;-36.396;2004-08-26 08:51:00;1.73059;3.54524;11061.2;MOVE
12;1011;19;0.848;-36.383;2004-08-26 09:05:00;1.43306;3.61304;3034.95;MOVE
12;1012;19;0.754;-36.329;2004-08-26 10:00:00;1.17004;3.65272;12054;MOVE
12;1013;19;0.712;-36.306;2004-08-26 10:25:00;9.31299;3.54967;5324.5;MOVE
12;1014;19;0.657;-36.263;2004-08-26 11:00:00;17.7436;3.69655;7762.76;MOVE
12;1015;19;0.608;-36.191;2004-08-26 11:45:00;1.07375;3.58658;9683.77;MOVE
12;1016;19;0.591;-36.167;2004-08-26 12:00:00;0.319193;3.63358;3270.22;MOVE
12;1017;19;0.577;-36.147;2004-08-26 12:13:00;1.481;3.48015;2714.52;MOVE
12;1018;19;0.528;-36.073;2004-08-26 13:00:00;2.3987;3.49947;9868.5;MOVE
12;1019;19;0.507;-36.044;2004-08-26 13:19:00;3.08118;3.49231;3981.23;MOVE
12;1020;19;0.467;-35.982;2004-08-26 14:00:00;0.682477;3.33502;8204.14;MOVE
12;1021;19;0.418;-35.908;2004-08-26 14:54:00;0.711488;3.04587;9868.62;MOVE
12;1022;19;0.36;-35.818;2004-08-26 16:00:00;0.794148;3.00643;11905.5;MOVE
12;1023;19;0.325;-35.762;2004-08-26 16:42:00;4.46385;2.91388;7342.98;MOVE
12;1024;19;0.308;-35.739;2004-08-26 17:00:00;5.60834;2.94465;3180.22;MOVE
12;1025;19;0.259;-35.657;2004-08-26 18:00:00;2.82918;2.9505;10621.8;MOVE
12;1026;19;0.249;-35.642;2004-08-26 18:12:00;3.22452;2.78414;2004.58;MOVE
12;1027;19;0.209;-35.574;2004-08-26 19:00:00;0.69376;3.04596;8772.38;MOVE
12;1028;19;0.157;-35.488;2004-08-26 20:00:00;2.53076;3.10414;11174.9;MOVE
12;1029;19;0.129;-35.446;2004-08-26 20:28:00;3.22452;3.34098;5612.85;MOVE
12;1030;19;0.099;-35.395;2004-08-26 21:00:00;2.71297;3.42672;6579.31;MOVE
12;1031;19;0.065;-35.343;2004-08-26 21:34:00;1.05351;3.38648;6908.41;MOVE
12;1032;19;0.038;-35.3;2004-08-26 22:00:00;18.5153;3.61911;5645.81;MOVE
12;1033;19;0.015;-35.205;2004-08-26 23:00:00;45.9572;3.01908;10868.7;MOVE
12;1034;19;0.034;-35.175;2004-08-27 00:00:00;109.256;1.09683;3948.59;MOVE
12;1035;19;-0.009;-35.165;2004-08-27 00:24:00;0.216891;3.40901;4908.98;MOVE
12;1036;19;-0.079;-35.149;2004-08-27 01:00:00;2.08715;3.69647;7984.38;MOVE
12;1037;19;-0.195;-35.118;2004-08-27 02:02:00;1.29085;3.58905;13351.3;MOVE
12;1038;19;-0.306;-35.091;2004-08-27 03:00:00;0.61606;3.65015;12702.5;MOVE
12;1039;19;-0.375;-35.075;2004-08-27 03:36:00;0.393368;3.6463;7876.02;MOVE
12;1040;19;-0.421;-35.064;2004-08-27 04:00:00;0.93278;3.6522;5259.17;MOVE
12;1041;19;-0.538;-35.034;2004-08-27 05:00:00;0.772673;3.73073;13430.6;MOVE
12;1042;19;-0.586;-35.021;2004-08-27 05:25:00;2.12743;3.68642;5529.62;MOVE
12;1043;19;-0.631;-35.007;2004-08-27 05:48:00;1.02129;3.79733;5240.31;MOVE
12;1044;19;-0.655;-35;2004-08-27 06:00:00;0.0758382;3.86092;2779.86;MOVE
12;1045;19;-0.771;-34.966;2004-08-27 07:00:00;2.954;3.73366;13441.2;MOVE
12;1046;19;-0.831;-34.945;2004-08-27 07:32:00;0.69306;3.68149;7068.46;MOVE
12;1047;19;-0.886;-34.925;2004-08-27 08:00:00;0.925402;3.87347;6507.43;MOVE
12;1048;19;-0.941;-34.906;2004-08-27 08:28:00;0.59612;3.85135;6470.27;MOVE
12;1049;19;-0.969;-34.896;2004-08-27 08:42:00;0.29483;3.93573;3306.01;MOVE
12;1050;19;-1.006;-34.883;2004-08-27 09:00:00;1.89979;4.03768;4360.7;MOVE
12;1051;19;-1.13;-34.844;2004-08-27 10:00:00;2.07745;4.01495;14453.8;MOVE
12;1052;19;-1.161;-34.833;2004-08-27 10:16:00;2.66039;3.80994;3657.54;MOVE
12;1053;19;-1.25;-34.806;2004-08-27 11:00:00;3.38053;3.91725;10341.5;MOVE
12;1054;19;-1.275;-34.8;2004-08-27 11:13:00;2.76447;3.6651;2858.77;MOVE
12;1055;19;-1.371;-34.772;2004-08-27 12:00:00;0.687661;3.943;11119.3;MOVE
12;1056;19;-1.493;-34.738;2004-08-27 13:01:00;1.87667;3.84766;14082.4;MOVE
12;1057;19;-1.612;-34.709;2004-08-27 14:00:00;3.71405;3.84722;13619.2;MOVE
12;1058;19;-1.737;-34.687;2004-08-27 15:00:00;0.136007;3.92023;14112.8;MOVE
12;1059;19;-1.858;-34.666;2004-08-27 16:00:00;1.26722;3.7932;13655.5;MOVE
12;1060;19;-1.914;-34.655;2004-08-27 16:28:00;0.0298493;3.77725;6345.78;MOVE
12;1061;19;-1.98;-34.642;2004-08-27 17:00:00;0.0829079;3.89568;7479.71;MOVE
12;1062;19;-2.111;-34.616;2004-08-27 18:03:00;0.132075;3.92865;14850.3;MOVE
12;1063;19;-2.162;-34.606;2004-08-27 18:27:00;0.0609367;4.01304;5778.78;MOVE
12;1064;19;-2.233;-34.592;2004-08-27 19:00:00;0.269133;4.06396;8046.64;MOVE
12;1065;19;-2.311;-34.577;2004-08-27 19:37:00;2.55795e-12;3.97832;8831.88;MOVE
12;1066;19;-2.363;-34.567;2004-08-27 20:00:00;9.13658;4.2666;5887.91;MOVE
12;1067;19;-2.494;-34.563;2004-08-27 21:00:00;0.112369;4.04814;14573.3;MOVE
12;1068;19;-2.529;-34.562;2004-08-27 21:16:00;1.25469;4.05563;3893.41;MOVE
12;1069;19;-2.628;-34.557;2004-08-27 22:00:00;0.550946;4.17511;11022.3;MOVE
12;1070;19;-2.761;-34.549;2004-08-27 23:00:00;0.0256271;4.11544;14815.6;MOVE
12;1071;19;-2.895;-34.541;2004-08-28 00:01:00;0.574325;4.0783;14926.6;MOVE
12;1072;19;-3.024;-34.532;2004-08-28 01:00:00;1.16379;4.06184;14378.9;MOVE
12;1073;19;-3.105;-34.528;2004-08-28 01:36:00;1.40927;4.17488;9017.73;MOVE
12;1074;19;-3.159;-34.524;2004-08-28 02:00:00;1.61399;4.1812;6020.93;MOVE
12;1075;19;-3.29;-34.518;2004-08-28 03:00:00;1.7763;4.05049;14581.8;MOVE
12;1076;19;-3.342;-34.514;2004-08-28 03:24:00;2.91084;4.02719;5799.16;MOVE
12;1077;19;-3.419;-34.512;2004-08-28 04:00:00;3.27778;3.96523;8564.89;MOVE
12;1078;19;-3.547;-34.516;2004-08-28 05:00:00;2.29571;3.95552;14239.9;MOVE
12;1079;19;-3.575;-34.518;2004-08-28 05:13:00;2.36726;4.00174;3121.36;MOVE
12;1080;19;-3.675;-34.521;2004-08-28 06:00:00;0.590705;3.94485;11124.5;MOVE
12;1081;19;-3.799;-34.526;2004-08-28 07:01:00;0.594756;3.77031;13799.3;MOVE
12;1082;19;-3.937;-34.533;2004-08-28 08:07:00;3.43432;3.87993;15364.5;MOVE
12;1083;19;-4.045;-34.532;2004-08-28 09:00:00;0.530501;3.77659;12009.6;MOVE
12;1084;19;-4.147;-34.532;2004-08-28 09:51:00;1.50744;3.7065;11341.9;MOVE
12;1085;19;-4.185;-34.533;2004-08-28 10:09:00;3.17577;3.91376;4226.86;MOVE
12;1086;19;-4.288;-34.53;2004-08-28 11:00:00;1.34445;3.74441;11457.9;MOVE
12;1087;19;-4.383;-34.525;2004-08-28 11:48:00;3.82999;3.67294;10578.1;MOVE
12;1088;19;-4.408;-34.522;2004-08-28 12:00:00;6.84277;3.88847;2799.7;MOVE
12;1089;19;-4.49;-34.522;2004-08-28 12:40:00;1.39718;3.79916;9117.98;MOVE
12;1090;19;-4.531;-34.523;2004-08-28 13:00:00;0.0332535;3.80028;4560.34;MOVE
12;1091;19;-4.657;-34.526;2004-08-28 14:00:00;1.36393;3.89292;14014.5;MOVE
12;1092;19;-4.781;-34.526;2004-08-28 15:00:00;0.924045;3.83005;13788.2;MOVE
12;1093;19;-4.905;-34.524;2004-08-28 16:00:00;0.924045;3.83054;13790;MOVE
12;1094;19;-4.94;-34.524;2004-08-28 16:17:00;0;3.81551;3891.82;MOVE
12;1095;19;-5.03;-34.524;2004-08-28 17:00:00;1.92518;3.87889;10007.5;MOVE
12;1096;19;-5.149;-34.528;2004-08-28 17:57:00;1.5039;3.87123;13239.6;MOVE
12;1097;19;-5.285;-34.529;2004-08-28 19:00:00;0.421285;4.00077;15122.9;MOVE
12;1098;19;-5.311;-34.529;2004-08-28 19:12:00;0.784825;4.01537;2891.07;MOVE
12;1099;19;-5.384;-34.528;2004-08-28 19:45:00;0.784825;4.09999;8117.98;MOVE
12;1100;19;-5.416;-34.528;2004-08-28 20:00:00;1.29217;3.9536;3558.24;MOVE
12;1101;19;-5.549;-34.525;2004-08-28 21:00:00;1.3104;4.10907;14792.7;MOVE
12;1102;19;-5.571;-34.524;2004-08-28 21:10:00;2.60256;4.08132;2448.79;MOVE
12;1103;19;-5.682;-34.524;2004-08-28 22:00:00;1.03224;4.11421;12342.6;MOVE
12;1104;19;-5.793;-34.522;2004-08-28 22:49:00;1.03224;4.19885;12344.6;MOVE
12;1105;19;-5.819;-34.522;2004-08-28 23:00:00;0.707319;4.38041;2891.07;MOVE
12;1106;19;-5.9;-34.521;2004-08-28 23:36:00;1.45376;4.17012;9007.47;MOVE
12;1107;19;-5.953;-34.519;2004-08-29 00:00:00;0.0241686;4.09547;5897.48;MOVE
12;1108;19;-6.087;-34.514;2004-08-29 01:00:00;0.465651;4.14177;14910.4;MOVE
12;1109;19;-6.109;-34.513;2004-08-29 01:10:00;1.59748;4.08131;2448.79;MOVE
12;1110;19;-6.223;-34.511;2004-08-29 02:00:00;2.67748;4.22605;12678.1;MOVE
12;1111;19;-6.36;-34.515;2004-08-29 03:00:00;0.618216;4.23337;15240.1;MOVE
12;1112;19;-6.41;-34.517;2004-08-29 03:22:00;1.04525;4.21526;5564.14;MOVE
12;1113;19;-6.502;-34.519;2004-08-29 04:00:00;1.04525;4.48786;10232.3;MOVE
12;1114;19;-6.627;-34.524;2004-08-29 04:52:00;0.51181;4.45844;13910.3;MOVE
12;1115;19;-6.788;-34.529;2004-08-29 06:00:00;1.00037;4.38993;17910.9;MOVE
12;1116;19;-6.891;-34.534;2004-08-29 06:45:00;1.31037;4.2468;11466.4;MOVE
12;1117;19;-6.93;-34.535;2004-08-29 07:00:00;5.14704;4.82001;4338.01;MOVE
12;1118;19;-7.07;-34.526;2004-08-29 08:00:00;10.9314;4.33304;15598.9;MOVE
12;1119;19;-7.125;-34.533;2004-08-29 08:23:00;0.120572;4.46689;6164.3;MOVE
12;1120;19;-7.21;-34.544;2004-08-29 09:00:00;0.760306;4.29242;9529.16;MOVE
12;1121;19;-7.279;-34.552;2004-08-29 09:29:00;0.466835;4.43852;7723.03;MOVE
12;1122;19;-7.344;-34.559;2004-08-29 09:58:00;1.65356;4.17746;7268.79;MOVE
12;1123;19;-7.49;-34.579;2004-08-29 11:00:00;1.29009;4.40418;16383.6;MOVE
12;1124;19;-7.565;-34.591;2004-08-29 11:32:00;0.601333;4.39786;8443.88;MOVE
12;1125;19;-7.632;-34.601;2004-08-29 12:00:00;8.33247;4.48283;7531.15;MOVE
12;1126;19;-7.675;-34.614;2004-08-29 12:19:00;3.26057;4.37842;4991.4;MOVE
12;1127;19;-7.768;-34.648;2004-08-29 13:00:00;7.67656;4.47107;10998.8;MOVE
12;1128;19;-7.882;-34.708;2004-08-29 13:58:00;2.35082;4.10802;14295.9;MOVE
12;1129;19;-8.002;-34.765;2004-08-29 15:00:00;17.4712;3.96404;14746.2;MOVE
12;1130;19;-8.03;-34.791;2004-08-29 16:05:00;5.48756;1.08451;4229.58;MOVE
12;1131;19;-8.046;-34.809;2004-08-29 17:00:00;109.832;0.80705;2663.26;MOVE
12;1132;19;-8.041;-34.811;2004-08-29 17:39:00;21.8014;0.255553;597.994;MOVE
12;1133;19;-8.036;-34.811;2004-08-29 18:00:00;100.954;0.44125;555.975;MOVE
12;1134;19;-8.042;-34.842;2004-08-29 19:00:00;13.6695;0.966045;3477.76;MOVE
12;1135;19;-8.053;-34.866;2004-08-29 19:13:00;46.9415;3.73303;2911.76;MOVE
12;1136;19;-8.056;-34.867;2004-08-29 20:00:00;161.565;0.124569;351.284;MOVE
12;1137;19;-8.056;-34.867;2004-08-29 20:29:00;0;0;0;MOVE
12;1138;19;-8.056;-34.867;2004-08-29 21:00:00;0;0;0;MOVE
12;1139;19;-8.056;-34.867;2004-08-29 22:00:00;0;0;0;MOVE
12;1140;19;-8.056;-34.867;2004-08-29 22:36:00;0;0;0;MOVE
12;1141;19;-8.056;-34.867;2004-08-29 23:10:00;0;0;0;MOVE
12;1142;19;-8.056;-34.867;2004-08-30 00:54:00;0;0;0;MOVE
12;1143;19;-8.056;-34.867;2004-08-30 03:09:00;90;0;0;MOVE
12;1144;19;-8.056;-34.868;2004-08-30 04:53:00;180;0.0176438;110.098;MOVE
12;1145;19;-8.056;-34.867;2004-08-30 06:25:00;90;0.0199452;110.098;MOVE
12;1146;19;-8.056;-34.867;2004-08-30 07:31:00;0;0;0;MOVE
12;1147;19;-8.056;-34.867;2004-08-30 08:02:00;0;0;0;MOVE
22;1144;34;0.587;-36.612;2004-08-11 00:00:00;28.7126;0.591992;497.274;STOP
22;1145;34;0.507;-36.609;2004-08-11 01:00:00;7.78814;2.47273;8901.85;STOP
22;1146;34;0.426;-36.617;2004-08-11 02:00:00;24.3395;2.51406;9050.61;STOP
22;1147;34;0.361;-36.595;2004-08-11 03:00:00;32.2072;2.11956;7630.42;STOP
22;1148;34;0.348;-36.579;2004-08-11 03:18:00;9.2726;2.12251;2292.32;STOP
22;1149;34;0.312;-36.547;2004-08-11 04:00:00;15.3325;2.12532;5355.82;STOP
22;1150;34;0.225;-36.504;2004-08-11 05:07:00;1.59625;2.68434;10791;STOP
22;1151;34;0.157;-36.468;2004-08-11 06:00:00;54.7504;2.69041;8555.5;STOP
22;1152;34;0.153;-36.437;2004-08-11 07:00:00;20.347;0.965446;3475.61;STOP
22;1153;34;0.156;-36.424;2004-08-11 07:18:00;5.74142;1.37363;1483.52;STOP
22;1154;34;0.163;-36.369;2004-08-11 08:00:00;44.087;2.44644;6165.03;STOP
22;1155;34;0.188;-36.349;2004-08-11 08:19:00;15.7057;3.12278;3559.97;STOP
22;1156;34;0.273;-36.313;2004-08-11 09:00:00;7.00869;4.17248;10264.3;STOP
22;1157;34;0.399;-36.277;2004-08-11 09:58:00;8.88178e-15;4.18712;14571.2;STOP
22;1158;34;0.441;-36.265;2004-08-11 10:17:00;1.62268;4.26058;4857.06;STOP
22;1159;34;0.535;-36.241;2004-08-11 11:00:00;6.42695;4.18124;10787.6;STOP
22;1160;34;0.672;-36.222;2004-08-11 12:00:00;6.16006;4.27208;15379.5;STOP
22;1161;34;0.705;-36.221;2004-08-11 12:15:00;1.16844;4.07902;3671.12;STOP
22;1162;34;0.806;-36.22;2004-08-11 13:00:00;6.72693;4.15972;11231.2;STOP
22;1163;34;0.931;-36.204;2004-08-11 14:04:00;20.715;3.64915;14012.7;STOP
22;1164;34;1.025;-36.154;2004-08-11 15:00:00;45.677;3.5234;11838.6;STOP
22;1165;34;1.049;-36.072;2004-08-11 16:00:00;177.879;2.63863;9499.07;STOP
22;1166;34;1.047;-36.078;2004-08-11 16:12:00;10.6698;0.976601;703.153;STOP
22;1167;34;1.044;-36.1;2004-08-11 17:00:00;5.0391;0.857127;2468.52;STOP
22;1168;34;1.039;-36.122;2004-08-11 17:46:00;3.34194;0.908796;2508.28;STOP
22;1169;34;1.038;-36.128;2004-08-11 18:00:00;0.372045;0.805076;676.264;STOP
22;1170;34;1.034;-36.153;2004-08-11 19:00:00;12.7111;0.781884;2814.78;STOP
22;1171;34;1.032;-36.158;2004-08-11 19:11:00;19.1988;0.90715;598.719;STOP
22;1172;34;1.031;-36.18;2004-08-11 20:00:00;13.9125;0.832795;2448.42;STOP
22;1173;34;1.038;-36.215;2004-08-11 20:55:00;23.0782;1.20251;3968.27;STOP
22;1174;34;1.033;-36.239;2004-08-11 21:27:00;29.1041;1.41956;2725.55;STOP
22;1175;34;0.988;-36.291;2004-08-11 22:00:00;6.92029;3.86159;7645.94;STOP
22;1176;34;0.945;-36.33;2004-08-11 23:07:00;26.5422;1.60563;6454.64;STOP
22;1177;34;0.931;-36.366;2004-08-12 00:00:00;28.9439;1.35049;4294.56;STOP
22;1178;34;0.841;-36.441;2004-08-12 01:00:00;38.5602;3.61841;13026.3;STOP
22;1179;34;0.749;-36.443;2004-08-12 02:00:00;71.2623;2.84232;10232.3;STOP
22;1180;34;0.721;-36.366;2004-08-12 03:07:00;58.4417;2.26613;9109.86;STOP
22;1181;34;0.638;-36.349;2004-08-12 04:00:00;0.787304;2.9625;9420.75;STOP
22;1182;34;0.565;-36.333;2004-08-12 04:47:00;3.16162;2.94677;8309.89;STOP
22;1183;34;0.547;-36.328;2004-08-12 05:00:00;17.2255;2.66319;2077.29;STOP
22;1184;34;0.446;-36.331;2004-08-12 06:00:00;2.87257;3.12101;11235.6;STOP
22;1185;34;0.396;-36.335;2004-08-12 06:30:00;4.8884;3.09862;5577.51;STOP
22;1186;34;0.354;-36.342;2004-08-12 06:53:00;8.74616;3.43087;4734.6;STOP
22;1187;34;0.274;-36.343;2004-08-12 07:45:00;7.55893;2.85137;8896.29;STOP
22;1188;34;0.249;-36.34;2004-08-12 08:00:00;19.647;3.11091;2799.82;STOP
22;1189;34;0.205;-36.35;2004-08-12 08:38:00;55.1845;2.20059;5017.34;STOP
22;1190;34;0.186;-36.397;2004-08-12 09:00:00;1.82548;4.27047;5637.02;STOP
22;1191;34;0.161;-36.465;2004-08-12 09:34:00;21.4312;3.94904;8056.04;STOP
22;1192;34;0.162;-36.511;2004-08-12 10:00:00;87.0189;3.27959;5116.15;STOP
22;1193;34;0.294;-36.515;2004-08-12 11:00:00;1.03451;4.07902;14684.5;STOP
22;1194;34;0.418;-36.521;2004-08-12 11:55:00;2.21612;4.18312;13804.3;STOP
22;1195;34;0.567;-36.534;2004-08-12 13:00:00;2.72556;4.26435;16631;STOP
22;1196;34;0.663;-36.547;2004-08-12 13:43:00;1.75043;4.17524;10772.1;STOP
22;1197;34;0.699;-36.553;2004-08-12 14:00:00;3.36208;3.97865;4058.23;STOP
22;1198;34;0.822;-36.581;2004-08-12 15:00:00;1.60194;3.89634;14026.8;STOP
22;1199;34;0.948;-36.606;2004-08-12 15:59:00;29.9342;4.03492;14283.6;STOP
22;1200;34;1.01;-36.585;2004-08-12 17:00:00;115.837;1.98872;7278.7;STOP
22;1201;34;1.008;-36.601;2004-08-12 17:34:00;11.2106;0.87877;1792.69;STOP
22;1202;34;1.009;-36.615;2004-08-12 18:02:00;0.488304;0.928842;1560.45;STOP
22;1203;34;1.011;-36.64;2004-08-12 19:00:00;3.55618;0.801243;2788.32;STOP
22;1204;34;1.013;-36.654;2004-08-12 19:37:00;3.17983;0.70824;1572.29;STOP
22;1205;34;1.015;-36.664;2004-08-12 20:00:00;45;0.821594;1133.8;STOP
22;1206;34;1.005;-36.679;2004-08-12 20:34:00;49.6001;0.982539;2004.38;STOP
22;1207;34;0.971;-36.683;2004-08-12 21:00:00;5.38492;2.44019;3806.69;STOP
22;1208;34;0.943;-36.689;2004-08-12 21:16:00;11.4575;3.31679;3184.12;STOP
22;1209;34;0.904;-36.706;2004-08-12 22:00:00;8.54734;1.79189;4730.59;STOP
22;1210;34;0.807;-36.732;2004-08-12 22:56:00;2.6452;3.32338;11166.6;STOP
22;1211;34;0.697;-36.767;2004-08-13 00:00:00;4.80681;3.3426;12835.6;STOP
22;1212;34;0.622;-36.798;2004-08-13 00:44:00;20.5478;3.41812;9023.84;STOP
22;1213;34;0.592;-36.799;2004-08-13 01:00:00;99.1461;3.47677;3337.7;STOP
22;1214;34;0.6;-36.736;2004-08-13 02:00:00;57.0449;1.96143;7061.16;STOP
22;1215;34;0.542;-36.687;2004-08-13 03:00:00;16.0465;2.34516;8442.59;STOP
22;1216;34;0.484;-36.661;2004-08-13 04:00:00;4.83417;1.96323;7067.61;STOP
22;1217;35;0.419;-36.625;2004-08-13 04:44:00;3.41974;3.12959;8262.1;MOVE
22;1218;35;0.396;-36.614;2004-08-13 05:00:00;11.2245;2.95303;2834.91;MOVE
22;1219;35;0.306;-36.591;2004-08-13 06:00:00;6.20533;2.86921;10329.2;MOVE
22;1220;35;0.285;-36.588;2004-08-13 06:14:00;4.718e-12;2.8081;2358.8;MOVE
22;1221;36;0.257;-36.584;2004-08-13 06:33:00;8.32991;2.75883;3145.07;STOP
22;1222;36;0.213;-36.571;2004-08-13 07:00:00;57.1504;3.14917;5101.65;STOP
22;1223;36;0.203;-36.537;2004-08-13 07:30:00;5.82853;2.1893;3940.73;STOP
22;1224;36;0.192;-36.478;2004-08-13 08:00:00;1.77808;3.70751;6673.51;STOP
22;1225;36;0.185;-36.446;2004-08-13 08:17:00;0.202263;3.57094;3642.36;STOP
22;1226;36;0.165;-36.353;2004-08-13 09:05:00;43.5763;3.67275;10577.5;STOP
22;1227;36;0.099;-36.308;2004-08-13 09:52:00;10.4116;3.14978;8882.37;STOP
22;1228;36;-0.023;-36.254;2004-08-13 11:00:00;35.4741;3.63609;14835.3;STOP
22;1229;36;-0.055;-36.2;2004-08-13 11:31:00;61.7896;3.75249;6979.64;STOP
22;1230;36;-0.026;-36.152;2004-08-13 12:00:00;52.9836;3.58382;6235.84;STOP
22;1231;36;0.11;-36.138;2004-08-13 13:00:00;5.87739;4.2229;15202.4;STOP
22;1232;36;0.132;-36.138;2004-08-13 13:10:00;0.996348;4.07715;2446.29;STOP
22;1233;36;0.247;-36.136;2004-08-13 14:00:00;41.3407;4.26312;12789.4;STOP
22;1234;36;0.337;-36.054;2004-08-13 15:00:00;36.7089;3.76065;13538.3;STOP
22;1235;36;0.343;-36.023;2004-08-13 15:50:00;138.395;1.17032;3510.95;STOP
22;1236;36;0.359;-36.05;2004-08-13 17:00:00;10.9968;0.830898;3489.77;STOP
22;1237;36;0.364;-36.064;2004-08-13 17:29:00;11.3099;0.950001;1653;STOP
22;1238;36;0.373;-36.079;2004-08-13 18:00:00;4.39871;1.04575;1945.09;STOP
22;1239;36;0.387;-36.107;2004-08-13 19:00:00;7.12502;0.966914;3480.89;STOP
22;1240;36;0.391;-36.113;2004-08-13 19:13:00;5.93153;1.02798;801.825;STOP
22;1241;36;0.401;-36.132;2004-08-13 20:09:00;77.3325;0.710539;2387.41;STOP
22;1242;36;0.374;-36.155;2004-08-13 20:52:00;7.99779;1.52863;3943.86;STOP
22;1243;36;0.319;-36.217;2004-08-13 21:48:00;33.1688;2.74276;9215.68;STOP
22;1244;36;0.308;-36.22;2004-08-13 22:00:00;36.36;1.76086;1267.82;STOP
22;1245;36;0.251;-36.198;2004-08-13 22:45:00;12.9747;2.51623;6793.81;STOP
22;1246;36;0.23;-36.195;2004-08-13 23:00:00;5.37099;2.62089;2358.8;STOP
22;1247;36;0.147;-36.191;2004-08-14 00:00:00;28.2046;2.56664;9239.89;STOP
22;1248;36;0.127;-36.179;2004-08-14 00:19:00;0.895174;2.27499;2593.49;STOP
22;1249;36;0.07;-36.146;2004-08-14 01:00:00;58.3693;2.97711;7323.68;STOP
22;1250;37;0.018;-36.174;2004-08-14 01:53:00;101.323;2.06512;6567.09;MOVE
22;1251;37;0.095;-36.267;2004-08-14 03:00:00;10.9593;3.3397;13425.6;MOVE
22;1252;37;0.168;-36.327;2004-08-14 04:00:00;2.98654;2.91866;10507.2;MOVE
22;1253;37;0.21;-36.358;2004-08-14 04:29:00;21.5638;3.33594;5804.53;MOVE
22;1254;37;0.24;-36.406;2004-08-14 05:00:00;23.6267;3.38389;6294.03;MOVE
22;1255;38;0.259;-36.535;2004-08-14 06:00:00;20.8702;4.02743;14498.8;STOP
22;1256;38;0.273;-36.56;2004-08-14 06:12:00;22.539;4.42507;3186.05;STOP
22;1257;38;0.277;-36.594;2004-08-14 07:00:00;15.6703;1.32176;3806.66;STOP
22;1258;38;0.284;-36.611;2004-08-14 07:50:00;101.31;0.681424;2044.27;STOP
22;1259;38;0.287;-36.609;2004-08-14 07:56:00;82.3815;1.11366;400.917;STOP
22;1260;38;0.345;-36.675;2004-08-14 08:48:00;55.0316;3.13138;9769.89;STOP
22;1261;38;0.372;-36.672;2004-08-14 09:00:00;2.93375;4.19547;3020.74;STOP
22;1262;38;0.456;-36.667;2004-08-14 09:40:00;0.407631;3.89871;9356.91;STOP
22;1263;38;0.501;-36.664;2004-08-14 10:00:00;2.5952;4.17907;5014.88;STOP
22;1264;38;0.548;-36.663;2004-08-14 10:22:00;0.178306;3.96011;5227.34;STOP
22;1265;38;0.63;-36.661;2004-08-14 11:00:00;0.577753;4.00031;9120.7;STOP
22;1266;38;0.659;-36.66;2004-08-14 11:14:00;1.40141e-11;3.84115;3226.57;STOP
22;1267;38;0.688;-36.659;2004-08-14 11:28:00;4.39444;3.84115;3226.57;STOP
22;1268;38;0.759;-36.662;2004-08-14 12:00:00;0.561952;4.11556;7901.88;STOP
22;1269;38;0.855;-36.667;2004-08-14 12:48:00;1.25493;3.71152;10689.2;STOP
22;1270;38;0.882;-36.669;2004-08-14 13:00:00;0.0174416;4.18123;3010.49;STOP
22;1271;38;1.003;-36.678;2004-08-14 14:00:00;1.65127;3.74771;13491.7;STOP
22;1272;38;1.069;-36.681;2004-08-14 14:32:00;1.64772;3.82627;7346.44;STOP
22;1273;38;1.129;-36.682;2004-08-14 15:00:00;40.3555;3.9718;6672.62;STOP
22;1274;38;1.157;-36.659;2004-08-14 15:33:00;125.315;2.03478;4028.86;STOP
22;1275;38;1.158;-36.673;2004-08-14 16:00:00;4.79504;0.963197;1560.38;STOP
22;1276;38;1.163;-36.705;2004-08-14 17:00:00;0.750557;1.00019;3600.69;STOP
22;1277;38;1.164;-36.712;2004-08-14 17:12:00;2.75542;1.09182;786.108;STOP
22;1278;38;1.169;-36.738;2004-08-14 18:00:00;3.76051;1.02203;2943.45;STOP
22;1279;38;1.173;-36.77;2004-08-14 18:56:00;4.64327;1.06702;3585.19;STOP
22;1280;38;1.178;-36.794;2004-08-14 19:38:00;11.7683;1.08152;2725.43;STOP
22;1281;38;1.178;-36.804;2004-08-14 20:00:00;108.8;0.842208;1111.71;STOP
22;1282;38;1.131;-36.788;2004-08-14 20:45:00;36.5446;2.04466;5520.57;STOP
22;1283;38;1.106;-36.796;2004-08-14 21:00:00;14.531;3.24298;2918.68;STOP
22;1284;38;1.068;-36.82;2004-08-14 21:22:00;11.9931;3.78586;4997.33;STOP
22;1285;38;1.022;-36.837;2004-08-14 22:00:00;12.5732;2.39166;5452.98;STOP
22;1286;38;0.974;-36.868;2004-08-14 22:33:00;12.0013;3.2088;6353.41;STOP
22;1287;38;0.932;-36.884;2004-08-14 23:00:00;6.61997;3.08488;4997.5;STOP
22;1288;38;0.832;-36.936;2004-08-14 23:59:00;14.2838;3.54031;12532.7;STOP
32;1029;10;4.002;-45.73;2004-07-07 00:00:00;93.13;4.78;17196.4;STOP
32;1030;10;3.948;-45.734;2004-07-07 01:00:00;50.99;1.67;6020.9;STOP
32;1031;10;3.923;-45.77;2004-07-07 01:21:00;2.5;3.86;4865.84;STOP
32;1032;10;3.875;-45.846;2004-07-07 02:00:00;4.84;4.26;9978.65;STOP
32;1033;10;3.791;-45.957;2004-07-07 03:00:00;2.89;4.29;15456.5;STOP
32;1034;10;3.697;-46.069;2004-07-07 04:00:00;7.12;4.51;16238.5;STOP
32;1035;10;3.622;-46.185;2004-07-07 04:58:00;1.2;4.41;15337.7;STOP
32;1036;10;3.543;-46.313;2004-07-07 06:00:00;18.62;4.49;16701.8;STOP
32;1037;10;3.49;-46.357;2004-07-07 06:37:00;36.26;3.45;7653.67;STOP
32;1038;10;3.489;-46.361;2004-07-07 07:00:00;86.27;0.33;457.67;STOP
32;1039;10;3.478;-46.359;2004-07-07 08:00:00;56.2;0.35;1243.12;STOP
32;1040;10;3.468;-46.336;2004-07-07 08:25:00;41.93;1.86;2784.45;STOP
32;1041;10;3.482;-46.294;2004-07-07 09:00:00;3.37;2.34;4914.66;STOP
32;1042;10;3.489;-46.268;2004-07-07 09:22:00;4.43;2.26;2988.85;STOP
32;1043;10;3.506;-46.22;2004-07-07 10:00:00;2.75;2.48;5652.84;STOP
32;1044;10;3.515;-46.198;2004-07-07 10:18:00;6.73;2.44;2638.83;STOP
32;1045;10;3.551;-46.133;2004-07-07 11:00:00;9;3.27;8250.15;STOP
32;1046;10;3.555;-46.122;2004-07-07 11:10:00;16.15;2.17;1299.29;STOP
32;1047;10;3.601;-46.059;2004-07-07 12:00:00;7.83;2.89;8662.89;STOP
32;1048;10;3.608;-46.046;2004-07-07 12:12:00;13.79;2.28;1639.26;STOP
32;1049;10;3.63;-45.961;2004-07-07 13:00:00;11.25;3.38;9744.77;STOP
32;1050;10;3.637;-45.838;2004-07-07 14:00:00;0.43;3.8;13671.7;STOP
32;1051;10;3.645;-45.714;2004-07-07 15:00:00;13.15;3.83;13789.1;STOP
32;1052;10;3.624;-45.588;2004-07-07 16:07:00;26.11;3.53;14176;STOP
32;1053;10;3.653;-45.491;2004-07-07 17:00:00;18.91;3.53;11236.8;STOP
32;1054;10;3.649;-45.39;2004-07-07 17:44:00;55.4;4.25;11216.7;STOP
32;1055;10;3.659;-45.346;2004-07-07 18:00:00;4.52;4.69;4222.66;STOP
32;1056;10;3.675;-45.225;2004-07-07 19:00:00;16.31;3.76;13544.4;STOP
32;1057;10;3.694;-45.182;2004-07-07 19:24:00;2.91;3.62;5218.31;STOP
32;1058;10;3.707;-45.148;2004-07-07 19:43:00;3.75;3.54;4040.19;STOP
32;1059;10;3.724;-45.111;2004-07-07 20:00:00;2.07;4.43;4519.84;STOP
32;1060;10;3.787;-44.986;2004-07-07 21:00:00;0.73;4.32;15538.3;STOP
32;1061;10;3.8;-44.961;2004-07-07 21:13:00;0.67;4.01;3127.85;STOP
32;1062;10;3.849;-44.864;2004-07-07 22:00:00;3.66;4.28;12062.5;STOP
32;1063;10;3.859;-44.847;2004-07-07 22:10:00;5.02;3.65;2189.42;STOP
32;1064;10;3.908;-44.744;2004-07-07 22:57:00;3.17;4.49;12659.3;STOP
32;1065;10;3.968;-44.634;2004-07-07 23:49:00;0.64;4.46;13907.3;STOP
32;1066;10;3.982;-44.609;2004-07-08 00:00:00;3.4;4.82;3180.25;STOP
32;1067;10;4.023;-44.545;2004-07-08 00:59:00;168.21;2.38;8436.94;STOP
32;1068;10;3.922;-44.648;2004-07-08 02:00:00;16.86;4.38;16021;STOP
32;1069;10;3.785;-44.723;2004-07-08 03:00:00;5.9;4.82;17358;STOP
32;1070;10;3.656;-44.812;2004-07-08 04:00:00;7.93;4.84;17414.9;STOP
32;1071;10;3.559;-44.901;2004-07-08 05:00:00;9.63;4.06;14624.8;STOP
32;1072;10;3.44;-44.978;2004-07-08 06:00:00;4.29;4.38;15752;STOP
32;1073;10;3.385;-45.008;2004-07-08 06:24:00;10.73;4.84;6963.51;STOP
32;1074;10;3.292;-45.038;2004-07-08 07:00:00;37.11;5.03;10864.1;STOP
32;1075;10;3.249;-45.023;2004-07-08 08:00:00;36.26;1.41;5063.06;STOP
32;1076;10;3.238;-45.007;2004-07-08 08:22:00;55.88;1.63;2156.67;STOP
32;1077;10;3.256;-44.961;2004-07-08 09:00:00;2.35;2.41;5484.98;STOP
32;1078;10;3.285;-44.895;2004-07-08 09:56:00;15.96;2.38;8005.13;STOP
32;1079;10;3.291;-44.851;2004-07-08 10:53:00;10.92;1.44;4929.88;STOP
32;1080;10;3.314;-44.783;2004-07-08 12:00:00;12.28;1.98;7970.17;STOP
32;1081;10;3.365;-44.698;2004-07-08 13:00:00;19.65;3.06;11008.6;STOP
32;1082;10;3.371;-44.668;2004-07-08 13:32:00;11.58;1.77;3396.26;STOP
32;1083;10;3.39;-44.623;2004-07-08 14:00:00;9.92;3.23;5423.49;STOP
32;1084;10;3.439;-44.547;2004-07-08 15:00:00;20.72;2.79;10042.4;STOP
32;1085;10;3.508;-44.496;2004-07-08 15:54:00;12.93;2.94;9534.57;STOP
32;1086;10;3.556;-44.44;2004-07-08 17:00:00;8.45;2.07;8192.36;STOP
32;1087;10;3.578;-44.405;2004-07-08 17:33:00;12.3;2.32;4590.42;STOP
32;1088;10;3.591;-44.369;2004-07-08 18:00:00;36.45;2.62;4248.66;STOP
32;1089;10;3.681;-44.309;2004-07-08 19:00:00;31.32;3.34;12020.1;STOP
32;1090;10;3.802;-44.304;2004-07-08 20:00:00;0.06;3.74;13466;STOP
32;1091;10;3.92;-44.299;2004-07-08 20:55:00;2.98;3.98;13132.7;STOP
32;1092;10;4.068;-44.285;2004-07-08 22:01:00;1.49;4.17;16530;STOP
32;1093;10;4.141;-44.28;2004-07-08 22:35:00;2.95;3.99;8136.15;STOP
32;1094;10;4.2;-44.279;2004-07-08 23:00:00;2.42;4.37;6561.44;STOP
32;1095;10;4.279;-44.281;2004-07-08 23:36:00;1.04;4.07;8787.2;STOP
32;1096;10;4.325;-44.283;2004-07-09 00:00:00;175.24;3.56;5119.77;STOP
32;1097;10;4.224;-44.287;2004-07-09 00:42:00;4.87;4.46;11239.4;STOP
32;1098;10;4.18;-44.285;2004-07-09 01:00:00;11.83;4.53;4897.6;STOP
32;1099;10;4.044;-44.25;2004-07-09 02:00:00;11.13;4.34;15612.8;STOP
32;1100;10;4.021;-44.239;2004-07-09 02:11:00;5.36;4.29;2833.62;STOP
32;1101;10;3.915;-44.2;2004-07-09 03:00:00;20.2;4.27;12555.5;STOP
32;1102;10;3.766;-44.2;2004-07-09 04:00:00;2.75;4.6;16568;STOP
32;1103;10;3.662;-44.195;2004-07-09 04:42:00;2.01;4.59;11577.6;STOP
32;1104;10;3.614;-44.191;2004-07-09 05:00:00;8.46;4.96;5355.78;STOP
32;1105;10;3.465;-44.156;2004-07-09 06:00:00;3.09;4.73;17017.3;STOP
32;1106;10;3.437;-44.151;2004-07-09 06:12:00;15.15;4.39;3162.53;STOP
32;1107;10;3.401;-44.134;2004-07-09 07:00:00;18.15;1.54;4425.46;STOP
32;1108;10;3.393;-44.133;2004-07-09 07:37:00;43.07;0.4;896.46;STOP
32;1109;10;3.373;-44.109;2004-07-09 08:00:00;117.92;2.51;3470.27;STOP
32;1110;10;3.43;-44.097;2004-07-09 09:00:00;4.29;1.8;6476.56;STOP
32;1111;10;3.445;-44.095;2004-07-09 09:11:00;1.57;2.55;1682.63;STOP
32;1112;10;3.476;-44.09;2004-07-09 09:35:00;6.48;2.42;3491.43;STOP
32;1113;10;3.501;-44.083;2004-07-09 10:00:00;7.11;1.92;2886.4;STOP
32;1114;10;3.541;-44.077;2004-07-09 10:31:00;1.77;2.42;4497.37;STOP
32;1115;10;3.563;-44.073;2004-07-09 10:45:00;6.49;2.96;2486.24;STOP
32;1116;10;3.578;-44.072;2004-07-09 11:00:00;0.95;1.86;1671.61;STOP
32;1117;10;3.618;-44.07;2004-07-09 11:33:00;5.27;2.25;4453.33;STOP
32;1118;10;3.653;-44.065;2004-07-09 12:00:00;13.67;2.43;3931.18;STOP
32;1119;10;3.668;-44.059;2004-07-09 12:21:00;10.55;1.43;1795.9;STOP
32;1120;10;3.698;-44.04;2004-07-09 13:00:00;23.82;1.69;3946.26;STOP
32;1121;10;3.718;-44.037;2004-07-09 13:13:00;3.53;2.88;2248.67;STOP
32;1122;10;3.798;-44.03;2004-07-09 14:00:00;14.75;3.17;8929.44;STOP
32;1123;10;3.862;-44.041;2004-07-09 14:48:00;0.26;2.51;7220.36;STOP
32;1124;10;3.879;-44.044;2004-07-09 15:00:00;5.8;2.67;1919.39;STOP
32;1125;10;3.947;-44.049;2004-07-09 15:44:00;1.03;2.87;7581.57;STOP
32;1126;10;3.965;-44.05;2004-07-09 16:00:00;39.48;2.09;2004.58;STOP
32;1127;10;4.014;-44.014;2004-07-09 17:00:00;52.67;1.88;6755.24;STOP
32;1128;10;4.015;-43.958;2004-07-09 17:23:00;7.36;4.5;6212.63;STOP
32;1129;10;4.005;-43.868;2004-07-09 18:00:00;3.16;4.52;10044.8;STOP
32;1130;10;3.997;-43.724;2004-07-09 19:00:00;4.8;4.44;15997.8;STOP
32;1131;10;4.001;-43.583;2004-07-09 20:00:00;1.62;4.35;15646.6;STOP
32;1132;10;4.001;-43.554;2004-07-09 20:13:00;2.01;4.12;3216.79;STOP
32;1133;10;4.003;-43.497;2004-07-09 20:37:00;0.95;4.39;6326.57;STOP
32;1134;10;4.006;-43.439;2004-07-09 21:00:00;1.36;4.67;6442.2;STOP
32;1135;10;4.01;-43.296;2004-07-09 22:00:00;0.05;4.41;15868.2;STOP
32;1136;10;4.011;-43.259;2004-07-09 22:16:00;2.11;4.28;4105.64;STOP
32;1137;10;4.01;-43.157;2004-07-09 23:00:00;0.56;4.29;11314.7;STOP
32;1138;10;4.01;-43.088;2004-07-09 23:31:00;0.87;4.11;7653.67;STOP
32;1139;10;4.009;-43.022;2004-07-10 00:00:00;0.87;4.21;7321.75;STOP
32;1140;10;4.009;-42.983;2004-07-10 00:18:00;154.23;4.01;4325.99;STOP
32;1141;10;4.023;-43.012;2004-07-10 01:00:00;30.68;1.42;3573.62;STOP
32;1142;10;4.012;-43.14;2004-07-10 01:51:00;1.66;4.66;14250.6;STOP
32;1143;10;3.993;-43.305;2004-07-10 03:00:00;1.26;4.45;18423.9;STOP
32;1144;10;3.98;-43.445;2004-07-10 04:00:00;3.02;4.33;15596.8;STOP
32;1145;10;3.974;-43.486;2004-07-10 04:17:00;29.36;4.51;4596.69;STOP
32;1146;10;3.984;-43.512;2004-07-10 04:23:00;50.16;8.59;3091.03;STOP
32;1147;10;3.945;-43.582;2004-07-10 05:00:00;4.68;4.01;8893.91;STOP
32;1148;10;3.89;-43.703;2004-07-10 06:00:00;12.43;4.1;14750.7;STOP
32;1149;10;3.875;-43.723;2004-07-10 06:11:00;26.57;4.21;2775.79;STOP
32;1150;10;3.857;-43.732;2004-07-10 07:07:00;58.84;0.67;2236.74;STOP
32;1151;10;3.838;-43.72;2004-07-10 08:00:00;92.55;0.79;2497.19;STOP
32;1152;10;3.854;-43.697;2004-07-10 08:46:00;16.39;1.13;3110.72;STOP
32;1153;10;3.86;-43.679;2004-07-10 09:00:00;15.42;2.51;2105.48;STOP
32;1154;10;3.861;-43.66;2004-07-10 09:10:00;21.92;3.52;2110.84;STOP
32;1155;10;3.894;-43.589;2004-07-10 10:00:00;1.73;2.9;8689.55;STOP
32;1156;10;3.906;-43.561;2004-07-10 10:30:00;11.31;1.88;3380.72;STOP
32;1157;10;3.91;-43.542;2004-07-10 10:45:00;7.8;2.39;2154.21;STOP
32;1158;10;3.911;-43.528;2004-07-10 11:00:00;11.65;1.73;1557.08;STOP
32;1159;10;3.942;-43.418;2004-07-10 12:00:00;3.8;3.52;12680.2;STOP
32;1160;10;3.964;-43.356;2004-07-10 12:42:00;8.23;2.9;7299.79;STOP
32;1161;10;3.97;-43.326;2004-07-10 13:00:00;18.52;3.14;3394.07;STOP
32;1162;10;3.96;-43.247;2004-07-10 14:00:00;14.65;2.45;8833.64;STOP
32;1163;10;3.966;-43.201;2004-07-10 14:26:00;14.37;3.3;5146.17;STOP
32;1164;10;3.984;-43.156;2004-07-10 15:00:00;4.23;2.64;5378.05;STOP
32;1165;10;4.003;-43.096;2004-07-10 15:32:00;13.92;3.64;6982.78;STOP
32;1166;10;4.006;-43.049;2004-07-10 16:00:00;14.56;3.11;5224.06;STOP
32;1167;11;3.985;-42.94;2004-07-10 17:00:00;2.29;3.42;12314.2;MOVE
32;1168;11;3.98;-42.907;2004-07-10 17:15:00;0.67;4.11;3702.55;MOVE
32;1169;11;3.963;-42.803;2004-07-10 18:00:00;0.33;4.33;11690.3;MOVE
32;1170;11;3.942;-42.679;2004-07-10 18:54:00;2.49;4.31;13952.2;MOVE
32;1171;11;3.925;-42.543;2004-07-10 19:50:00;2.6;4.53;15204.8;MOVE
32;1172;11;3.919;-42.508;2004-07-10 20:05:00;3.76;4.38;3939.61;MOVE
32;1173;11;3.905;-42.374;2004-07-10 21:00:00;1.88;4.53;14946.7;MOVE
32;1174;11;3.9;-42.304;2004-07-10 21:29:00;2.56;4.47;7785.47;MOVE
32;1175;11;3.898;-42.229;2004-07-10 22:00:00;3.53;4.47;8323.29;MOVE
32;1176;11;3.885;-42.082;2004-07-10 23:00:00;1.74;4.55;16371.9;MOVE
32;1177;11;3.88;-42.04;2004-07-10 23:18:00;1.79;4.34;4692.52;MOVE
32;1178;11;3.873;-41.96;2004-07-10 23:51:00;0.84;4.5;8909.31;MOVE
