tid;gid;sid;latitude;longitude;time;direction_inference;speed_inference_m_s;distance_inference_m;label
4;510;22;0.882;-35.159;2004-04-29 00:00:00;0.65;4.15;7227.55;STOP
4;511;22;0.975;-35.199;2004-04-29 00:46:00;6.35;4.08;11256.8;STOP
4;512;22;0.998;-35.206;2004-04-29 01:00:00;156.06;3.18;2673.27;STOP
4;513;22;0.933;-35.214;2004-04-29 01:38:00;12.21;3.19;7282.19;STOP
4;514;22;0.878;-35.209;2004-04-29 02:00:00;1.62;4.65;6140.93;STOP
4;515;22;0.734;-35.2;2004-04-29 02:57:00;1.32;4.69;16043.3;STOP
4;516;22;0.699;-35.197;2004-04-29 03:11:00;3.63;4.65;3906.09;STOP
4;517;22;0.579;-35.179;2004-04-29 04:00:00;0.31;4.59;13492.7;STOP
4;518;22;0.489;-35.166;2004-04-29 04:36:00;1.4;4.68;10111.4;STOP
4;519;22;0.43;-35.156;2004-04-29 05:00:00;3.67;4.62;6654.06;STOP
4;520;22;0.286;-35.122;2004-04-29 06:00:00;1.02;4.57;16452.3;STOP
4;521;22;0.24;-35.112;2004-04-29 06:19:00;23.73;4.59;5234.43;STOP
4;522;22;0.171;-35.126;2004-04-29 07:00:00;48.34;3.18;7828.78;STOP
4;523;22;0.167;-35.123;2004-04-29 07:25:00;50.4;0.37;555.97;STOP
4;524;22;0.166;-35.102;2004-04-29 08:00:00;133.64;1.11;2337.73;STOP
4;525;22;0.181;-35.115;2004-04-29 08:21:00;35.72;1.75;2207.15;STOP
4;526;22;0.236;-35.12;2004-04-29 09:03:00;20.96;2.44;6140.94;STOP
4;527;22;0.321;-35.096;2004-04-29 10:00:00;27.42;2.87;9821.09;STOP
4;528;22;0.37;-35.05;2004-04-29 10:37:00;3.39;3.37;7473.19;STOP
4;529;22;0.4;-35.025;2004-04-29 11:00:00;6.12;3.15;4342.26;STOP
4;530;22;0.445;-34.995;2004-04-29 11:42:00;7.13;2.39;6013.73;STOP
4;531;22;0.471;-34.982;2004-04-29 12:00:00;12.23;2.99;3232.29;STOP
4;532;22;0.522;-34.941;2004-04-29 12:39:00;2.21;3.11;7276.15;STOP
4;533;22;0.545;-34.921;2004-04-29 13:00:00;5.65;2.69;3389.1;STOP
4;534;22;0.576;-34.899;2004-04-29 13:30:00;3.93;2.35;4226.8;STOP
4;535;22;0.612;-34.877;2004-04-29 14:00:00;12.14;2.61;4691.25;STOP
4;536;22;0.632;-34.87;2004-04-29 14:13:00;22.7;3.02;2356.16;STOP
4;537;22;0.716;-34.875;2004-04-29 15:00:00;13.58;3.32;9356.9;STOP
4;538;22;0.788;-34.897;2004-04-29 15:51:00;67.17;2.74;8371.37;STOP
4;539;22;0.797;-34.985;2004-04-29 17:00:00;19.88;2.38;9835.26;STOP
4;540;23;0.78;-35.053;2004-04-29 17:29:00;0;4.48;7793.27;MOVE
4;541;23;0.762;-35.125;2004-04-29 18:00:00;3.52;4.44;8251.73;MOVE
4;542;23;0.744;-35.222;2004-04-29 19:00:00;164.57;3.05;10969.1;MOVE
4;543;24;0.762;-35.185;2004-04-29 19:17:00;2.53;4.49;4574.92;STOP
4;544;24;0.804;-35.088;2004-04-29 20:00:00;2.25;4.56;11752.7;STOP
4;545;24;0.816;-35.057;2004-04-29 20:13:00;117.57;4.74;3695.97;STOP
4;546;24;0.718;-35.068;2004-04-29 21:00:00;33.68;3.89;10965.5;STOP
4;547;24;0.617;-35.153;2004-04-29 21:52:00;11.13;4.7;14678.2;STOP
4;548;24;0.467;-35.236;2004-04-29 23:00:00;33.16;4.67;19062.2;STOP
4;549;24;0.399;-35.231;2004-04-29 23:26:00;9.83;4.86;7581.67;STOP
4;550;24;0.311;-35.209;2004-04-30 00:00:00;0.64;4.94;10086.3;STOP
4;551;24;0.227;-35.189;2004-04-30 00:32:00;0.28;5;9601.47;STOP
4;552;24;0.153;-35.171;2004-04-30 01:00:00;11.27;5.04;8468.35;STOP
4;553;24;0.11;-35.151;2004-04-30 01:24:00;130.09;3.66;5273.26;STOP
4;554;24;0.168;-35.124;2004-04-30 02:01:00;14.84;3.2;7113.86;STOP
4;555;24;0.252;-35.109;2004-04-30 02:48:00;4.5;3.36;9488.12;STOP
4;556;24;0.275;-35.103;2004-04-30 03:00:00;3.41;3.67;2643.07;STOP
4;557;24;0.386;-35.081;2004-04-30 04:00:00;1.52;3.5;12582.7;STOP
4;558;24;0.427;-35.074;2004-04-30 04:22:00;2.84;3.5;4624.96;STOP
4;559;24;0.454;-35.068;2004-04-30 04:36:00;3.88;3.66;3075.5;STOP
4;560;24;0.5;-35.061;2004-04-30 05:00:00;15.55;3.59;5173.85;STOP
4;561;24;0.609;-35.012;2004-04-30 06:00:00;11.63;3.69;13288.5;STOP
4;562;24;0.627;-34.999;2004-04-30 06:11:00;29.39;3.74;2468.88;STOP
4;563;24;0.651;-34.947;2004-04-30 07:00:00;34.7;2.17;6367.95;STOP
4;564;24;0.644;-34.907;2004-04-30 08:00:00;21.59;1.25;4515.11;STOP
4;565;24;0.657;-34.844;2004-04-30 08:41:00;61.85;2.91;7152.43;STOP
4;566;24;0.639;-34.829;2004-04-30 09:00:00;69.16;2.29;2605.31;STOP
4;567;24;0.559;-34.874;2004-04-30 10:00:00;9.7;2.84;10206.2;STOP
4;568;24;0.531;-34.884;2004-04-30 10:23:00;4.03;2.4;3306.05;STOP
4;569;24;0.474;-34.909;2004-04-30 11:00:00;15.22;3.12;6920.89;STOP
4;570;24;0.386;-34.98;2004-04-30 12:00:00;3.87;3.49;12572.8;STOP
4;571;24;0.346;-35.017;2004-04-30 12:26:00;27.04;3.88;6058.79;STOP
4;572;24;0.275;-35.037;2004-04-30 13:03:00;25.68;3.69;8202.08;STOP
4;573;24;0.161;-35.017;2004-04-30 14:00:00;12.08;3.76;12869.8;STOP
4;574;24;0.03;-34.964;2004-04-30 15:00:00;9.27;4.36;15713.5;STOP
4;575;24;-0.021;-34.933;2004-04-30 15:38:00;13.32;2.91;6636.39;STOP
4;576;24;-0.058;-34.921;2004-04-30 16:00:00;10.73;3.28;4325.18;STOP
4;577;25;-0.195;-34.846;2004-04-30 17:00:00;22.31;4.82;17367.1;MOVE
4;578;25;-0.229;-34.804;2004-04-30 17:22:00;0.59;4.55;6008.62;MOVE
4;579;25;-0.294;-34.722;2004-04-30 18:00:00;0.6;5.1;11635.1;MOVE
4;580;25;-0.392;-34.601;2004-04-30 19:00:00;0.85;4.81;17313.8;MOVE
4;581;25;-0.488;-34.486;2004-04-30 20:00:00;1.09;4.63;16657.1;MOVE
4;582;25;-0.541;-34.42;2004-04-30 20:34:00;0.03;4.61;9412.01;MOVE
4;583;25;-0.582;-34.369;2004-04-30 21:00:00;0.32;4.66;7276.05;MOVE
4;584;25;-0.613;-34.33;2004-04-30 21:20:00;17.26;4.62;5539.51;MOVE
4;585;25;-0.646;-34.245;2004-04-30 22:00:00;15.23;4.22;10138.3;MOVE
4;586;25;-0.661;-34.102;2004-04-30 23:00:00;10.04;4.44;15987.1;MOVE
4;587;26;-0.653;-33.989;2004-05-01 00:05:00;47.15;3.23;12595.7;STOP
4;588;26;-0.556;-33.911;2004-05-01 01:00:00;23.05;4.19;13840.2;STOP
4;589;26;-0.51;-33.825;2004-05-01 01:43:00;17.86;4.2;10844.4;STOP
4;590;26;-0.481;-33.797;2004-05-01 02:00:00;1.89;4.39;4482.33;STOP
4;591;26;-0.398;-33.722;2004-05-01 02:48:00;1.5;4.32;12438.8;STOP
4;592;26;-0.377;-33.704;2004-05-01 03:00:00;3.79;4.27;3075.47;STOP
4;593;26;-0.282;-33.611;2004-05-01 04:00:00;151.03;4.11;14782.5;STOP
4;594;26;-0.311;-33.619;2004-05-01 04:13:00;1.03;4.29;3345.1;STOP
4;595;26;-0.416;-33.65;2004-05-01 05:00:00;3.57;4.32;12173.7;STOP
4;596;26;-0.545;-33.697;2004-05-01 06:00:00;14.27;4.24;15266.5;STOP
4;597;26;-0.655;-33.772;2004-05-01 07:00:00;12.83;4.11;14803.7;STOP
4;598;26;-0.746;-33.87;2004-05-01 08:00:00;21.95;4.13;14870;STOP
4;599;26;-0.759;-33.904;2004-05-01 08:17:00;151.93;3.97;4047.25;STOP
4;600;26;-0.713;-33.864;2004-05-01 09:00:00;6.05;2.63;6778.09;STOP
4;601;26;-0.646;-33.792;2004-05-01 10:00:00;20.01;3.04;10935.8;STOP
4;602;26;-0.635;-33.766;2004-05-01 10:14:00;16.09;3.74;3139;STOP
4;603;26;-0.588;-33.708;2004-05-01 11:00:00;10.84;3.01;8300.7;STOP
4;604;26;-0.505;-33.638;2004-05-01 12:00:00;8.22;3.35;12073;STOP
4;605;26;-0.465;-33.593;2004-05-01 12:34:00;4.96;3.28;6694.69;STOP
4;606;26;-0.428;-33.558;2004-05-01 13:00:00;28.77;3.63;5663.22;STOP
4;607;27;-0.401;-33.474;2004-05-01 13:54:00;18.67;3.03;9810.79;MOVE
4;608;27;-0.402;-33.407;2004-05-01 14:22:00;0.25;4.43;7450.71;MOVE
4;609;27;-0.403;-33.313;2004-05-01 15:00:00;2.57;4.58;10452.7;MOVE
4;610;27;-0.406;-33.259;2004-05-01 15:23:00;13.39;4.36;6013.64;MOVE
4;611;27;-0.431;-33.175;2004-05-01 16:00:00;45.53;4.39;9745.03;MOVE
4;612;27;-0.55;-33.112;2004-05-01 17:00:00;10.15;4.16;14972;MOVE
4;613;27;-0.675;-33.072;2004-05-01 18:00:00;8.82;4.05;14593.6;MOVE
4;614;27;-0.705;-33.057;2004-05-01 18:31:00;63.28;2.01;3729.54;MOVE
4;615;27;-0.764;-33.101;2004-05-01 19:00:00;10.49;4.7;8183.74;MOVE
4;616;27;-0.9;-33.168;2004-05-01 20:00:00;2.38;4.68;16857.7;MOVE
4;617;27;-0.922;-33.18;2004-05-01 20:10:00;4.8;4.64;2786.46;MOVE
4;618;27;-1.016;-33.242;2004-05-01 20:56:00;18.98;4.54;12520.6;MOVE
4;619;27;-1.11;-33.364;2004-05-01 22:00:00;0.99;4.46;17123.6;MOVE
4;620;27;-1.205;-33.483;2004-05-01 23:03:00;0.2;4.48;16929.5;MOVE
4;621;27;-1.27;-33.565;2004-05-01 23:45:00;0.93;4.62;11633.5;MOVE
4;622;27;-1.293;-33.595;2004-05-02 00:00:00;5.93;4.67;4202.74;MOVE
4;623;28;-1.363;-33.669;2004-05-02 01:00:00;109.5;3.15;11325;STOP
4;624;28;-1.429;-33.54;2004-05-02 02:00:00;0.71;4.47;16108.7;STOP
4;625;28;-1.458;-33.485;2004-05-02 02:25:00;0.81;4.61;6912.07;STOP
4;626;28;-1.5;-33.408;2004-05-02 03:00:00;1.89;4.64;9750.37;STOP
4;627;28;-1.572;-33.265;2004-05-02 04:03:00;0.7;4.71;17797.6;STOP
4;628;28;-1.634;-33.138;2004-05-02 05:00:00;1.3;4.59;15709.8;STOP
4;629;28;-1.665;-33.078;2004-05-02 05:28:00;3.99;4.47;7507.11;STOP
4;630;28;-1.687;-33.027;2004-05-02 05:51:00;137.38;4.47;6173.85;STOP
4;631;28;-1.694;-33.047;2004-05-02 07:00:00;44.75;0.57;2355.26;STOP
4;632;28;-1.684;-33.068;2004-05-02 07:11:00;1.1;3.92;2585.41;STOP
4;633;28;-1.647;-33.142;2004-05-02 07:53:00;0.2;3.65;9196.55;STOP
4;634;28;-1.591;-33.255;2004-05-02 09:00:00;0.59;3.49;14018.9;STOP
4;635;28;-1.561;-33.314;2004-05-02 09:36:00;0.75;3.41;7357.68;STOP
4;636;28;-1.54;-33.354;2004-05-02 10:00:00;13.42;3.49;5022.06;STOP
4;637;28;-1.512;-33.464;2004-05-02 11:00:00;24.09;3.5;12617.3;STOP
4;638;28;-1.455;-33.536;2004-05-02 12:00:00;158.83;2.84;10209.1;STOP
4;639;28;-1.472;-33.526;2004-05-02 12:11:00;32.17;3.32;2192.92;STOP
4;640;28;-1.516;-33.441;2004-05-02 13:00:00;0.48;3.62;10640;STOP
4;641;28;-1.544;-33.388;2004-05-02 13:31:00;1.4;3.58;6663.35;STOP
4;642;28;-1.572;-33.338;2004-05-02 14:00:00;8.52;3.66;6370.36;STOP
4;643;28;-1.614;-33.227;2004-05-02 15:00:00;4.83;3.66;13192.2;STOP
4;644;28;-1.625;-33.204;2004-05-02 15:14:00;0.15;3.37;2834;STOP
4;645;28;-1.664;-33.123;2004-05-02 16:00:00;4.89;3.62;9993.08;STOP
4;646;28;-1.719;-33.03;2004-05-02 16:53:00;8.72;3.78;12010.3;STOP
4;647;28;-1.77;-32.903;2004-05-02 18:07:00;132.37;3.43;15211.8;STOP
4;648;29;-1.811;-32.988;2004-05-02 18:55:00;5.24;3.64;10489.5;MOVE
4;649;29;-1.866;-33.135;2004-05-02 20:00:00;0.04;4.47;17444.4;MOVE
4;650;29;-1.894;-33.21;2004-05-02 20:33:00;0.87;4.49;8897.64;MOVE
4;651;29;-1.92;-33.283;2004-05-02 21:06:00;1.69;4.35;8612.48;MOVE
4;652;29;-1.966;-33.401;2004-05-02 22:00:00;0.77;4.34;14075.7;MOVE
4;653;29;-1.981;-33.438;2004-05-02 22:16:00;0.42;4.62;4437.19;MOVE
4;654;29;-2.006;-33.501;2004-05-02 22:45:00;1.34;4.33;7532.75;MOVE
4;655;29;-2.02;-33.534;2004-05-02 23:00:00;0.64;4.43;3983.91;MOVE
4;656;29;-2.076;-33.662;2004-05-03 00:00:00;7.15;4.31;15527.2;MOVE
4;657;29;-2.097;-33.733;2004-05-03 00:32:00;2.28;4.29;8227.91;MOVE
4;658;29;-2.115;-33.786;2004-05-03 00:56:00;2.28;4.32;6220.17;MOVE
4;659;29;-2.17;-33.929;2004-05-03 02:00:00;1.41;4.43;17026.1;MOVE
4;660;29;-2.189;-33.975;2004-05-03 02:20:00;0.06;4.61;5530.69;MOVE
4;661;29;-2.224;-34.06;2004-05-03 03:00:00;0.02;4.26;10215;MOVE
4;662;29;-2.278;-34.191;2004-05-03 04:00:00;0.83;4.37;15745.2;MOVE
4;663;29;-2.329;-34.32;2004-05-03 05:00:00;0.17;4.28;15413.7;MOVE
4;664;29;-2.358;-34.394;2004-05-03 05:33:00;1.34;4.46;8831.32;MOVE
4;665;29;-2.381;-34.457;2004-05-03 06:00:00;0.23;4.6;7451.9;MOVE
4;666;29;-2.432;-34.595;2004-05-03 07:00:00;0.17;4.54;16346.6;MOVE
4;667;29;-2.458;-34.666;2004-05-03 07:30:00;0.07;4.67;8400.79;MOVE
4;668;29;-2.485;-34.74;2004-05-03 08:00:00;0.28;4.86;8751.84;MOVE
4;669;29;-2.508;-34.804;2004-05-03 08:26:00;0.5;4.84;7555.72;MOVE
4;670;29;-2.544;-34.907;2004-05-03 09:09:00;0.09;4.7;12122;MOVE
4;671;29;-2.576;-34.999;2004-05-03 09:46:00;0.25;4.87;10821.5;MOVE
4;672;29;-2.588;-35.034;2004-05-03 10:00:00;39.29;4.89;4110.47;MOVE
4;673;29;-2.659;-35.078;2004-05-03 11:00:00;55.11;2.58;9285.24;MOVE
4;674;29;-2.768;-35.031;2004-05-03 12:00:00;19.27;3.67;13196.7;MOVE
4;675;29;-2.895;-35.022;2004-05-03 13:00:00;30.31;3.93;14157.1;MOVE
4;676;29;-2.97;-35.059;2004-05-03 13:36:00;6.36;4.3;9296.86;MOVE
4;677;29;-3.02;-35.091;2004-05-03 14:00:00;26.09;4.58;6598.28;MOVE
4;678;29;-3.151;-35.106;2004-05-03 15:01:00;10.14;4.01;14661.4;MOVE
4;679;29;-3.278;-35.098;2004-05-03 16:00:00;0.88;4;14149.7;MOVE
4;680;29;-3.362;-35.094;2004-05-03 16:40:00;1.46;3.9;9350.92;MOVE
4;681;29;-3.403;-35.091;2004-05-03 17:00:00;3.5;3.81;4571.14;MOVE
4;682;29;-3.487;-35.09;2004-05-03 17:41:00;2.25;3.8;9341.03;MOVE
4;683;29;-3.526;-35.088;2004-05-03 18:00:00;0.72;3.81;4342.28;MOVE
4;684;29;-3.573;-35.085;2004-05-03 18:23:00;0.11;3.79;5236.76;MOVE
4;685;29;-3.649;-35.08;2004-05-03 19:00:00;0.53;3.81;8469.01;MOVE
4;686;29;-3.689;-35.077;2004-05-03 19:19:00;0.3;3.91;4460.24;MOVE
4;687;29;-3.775;-35.071;2004-05-03 20:00:00;1.36;3.9;9585.91;MOVE
4;688;29;-3.807;-35.068;2004-05-03 20:16:00;3.15;3.72;3573.77;MOVE
4;689;29;-3.885;-35.065;2004-05-03 20:53:00;0.05;3.91;8679.59;MOVE
4;690;29;-4.012;-35.06;2004-05-03 21:54:00;1.52;3.86;14132.6;MOVE
4;691;29;-4.09;-35.059;2004-05-03 22:32:00;0.25;3.8;8673.91;MOVE
4;692;29;-4.148;-35.058;2004-05-03 23:00:00;3.3;3.84;6450.26;MOVE
4;693;29;-4.268;-35.049;2004-05-04 00:00:00;16.14;3.72;13380.7;MOVE
4;694;29;-4.349;-35.066;2004-05-04 00:39:00;3.01;3.93;9201.92;MOVE
4;695;29;-4.394;-35.073;2004-05-04 01:00:00;8.02;4.02;5063.6;MOVE
4;696;29;-4.534;-35.075;2004-05-04 02:08:00;4.15;3.82;15568.9;MOVE
4;697;29;-4.637;-35.069;2004-05-04 03:00:00;5.43;3.68;11472.4;MOVE
4;698;29;-4.719;-35.072;2004-05-04 03:42:00;2.1;3.62;9124.04;MOVE
4;699;29;-4.753;-35.072;2004-05-04 04:00:00;0;3.5;3780.63;MOVE
4;700;29;-4.87;-35.072;2004-05-04 05:00:00;1.43;3.61;13009.8;MOVE
4;701;29;-4.91;-35.071;2004-05-04 05:21:00;7.36;3.53;4449.18;MOVE
4;702;29;-4.987;-35.079;2004-05-04 06:00:00;1.5;3.68;8607.75;MOVE
4;703;29;-5.01;-35.082;2004-05-04 06:13:00;5.02;3.31;2578.98;MOVE
4;704;29;-5.105;-35.086;2004-05-04 07:00:00;5.92;3.75;10572.8;MOVE
4;705;29;-5.219;-35.079;2004-05-04 07:56:00;3.55;3.78;12699.9;MOVE
4;706;29;-5.332;-35.065;2004-05-04 08:53:00;2.88;3.7;12660.3;MOVE
4;707;29;-5.414;-35.059;2004-05-04 09:40:00;2.16;3.24;9142.15;MOVE
4;708;29;-5.45;-35.055;2004-05-04 10:00:00;6.34;3.36;4027.43;MOVE
4;709;29;-5.55;-35.055;2004-05-04 11:00:00;6.17;3.09;11119.5;MOVE
4;710;29;-5.587;-35.059;2004-05-04 11:18:00;5.72;3.83;4137.96;MOVE
4;711;29;-5.606;-35.063;2004-05-04 11:37:00;10.36;1.89;2158.58;MOVE
4;712;29;-5.65;-35.081;2004-05-04 12:00:00;22.12;3.83;5282.5;MOVE
4;713;29;-5.742;-35.171;2004-05-04 13:00:00;0.18;3.97;14276.4;MOVE
4;714;29;-5.778;-35.206;2004-05-04 14:00:00;135.81;1.55;5569.37;MOVE
4;715;29;-5.778;-35.206;2004-05-04 15:00:00;0;0;0;MOVE
4;716;29;-5.778;-35.206;2004-05-04 16:00:00;0;0;0;MOVE
4;717;29;-5.778;-35.206;2004-05-04 16:33:00;0;0;0;MOVE
4;718;29;-5.778;-35.206;2004-05-04 20:39:00;0;0;0;MOVE
14;125;2;-1.976;-36.441;2004-07-14 00:00:00;4.39871;0.585734;2108.64;STOP
14;126;2;-1.974;-36.449;2004-07-14 00:27:00;36.4913;0.565694;916.424;STOP
14;127;2;-1.957;-36.463;2004-07-14 01:00:00;42.2652;1.23648;2448.23;STOP
14;128;2;-1.834;-36.457;2004-07-14 02:00:00;26.4826;3.80367;13693.2;STOP
14;129;2;-1.768;-36.42;2004-07-14 03:00:00;33.3609;2.33679;8412.43;STOP
14;130;2;-1.712;-36.424;2004-07-14 03:34:00;11.5072;3.06018;6242.77;STOP
14;131;2;-1.669;-36.436;2004-07-14 04:00:00;32.3486;3.182;4963.92;STOP
14;132;2;-1.576;-36.408;2004-07-14 05:00:00;34.9541;2.9998;10799.3;STOP
14;133;2;-1.561;-36.389;2004-07-14 05:14:00;25.1448;3.20372;2691.12;STOP
14;134;2;-1.539;-36.378;2004-07-14 05:28:00;59.4208;3.25575;2734.83;STOP
14;135;2;-1.491;-36.409;2004-07-14 06:00:00;38.4676;3.30888;6353.04;STOP
14;136;2;-1.467;-36.48;2004-07-14 07:06:00;100.351;2.10384;8331.2;STOP
14;137;2;-1.508;-36.486;2004-07-14 07:30:00;48.2858;3.19967;4607.52;STOP
14;138;2;-1.537;-36.53;2004-07-14 08:00:00;49.0168;3.25457;5858.22;STOP
14;139;3;-1.627;-36.542;2004-07-14 08:54:00;25.3393;3.11606;10096;MOVE
14;140;3;-1.652;-36.534;2004-07-14 09:08:00;1.79928;3.47455;2918.62;MOVE
14;141;3;-1.694;-36.522;2004-07-14 09:32:00;17.1389;3.37286;4856.91;MOVE
14;142;3;-1.742;-36.523;2004-07-14 10:00:00;11.753;3.17769;5338.51;MOVE
14;143;3;-1.829;-36.543;2004-07-14 11:00:00;4.20035;2.75724;9926.05;MOVE
14;144;3;-1.855;-36.547;2004-07-14 11:16:00;20.4055;3.04692;2925.05;MOVE
14;145;3;-1.918;-36.534;2004-07-14 12:00:00;8.93298;2.70936;7152.71;MOVE
14;146;3;-1.981;-36.531;2004-07-14 13:05:00;41.0802;1.79826;7013.21;MOVE
14;147;4;-2.03;-36.484;2004-07-14 14:00:00;77.3785;2.28715;7547.58;STOP
14;148;4;-1.984;-36.408;2004-07-14 15:00:00;17.3914;2.74272;9873.78;STOP
14;149;4;-1.899;-36.333;2004-07-14 16:00:00;1.34516;3.50046;12601.6;STOP
14;150;4;-1.859;-36.296;2004-07-14 16:28:00;1.66932;3.60556;6057.35;STOP
14;151;4;-1.812;-36.255;2004-07-14 17:00:00;8.46044;3.61129;6933.67;STOP
14;152;4;-1.737;-36.167;2004-07-14 18:02:00;34.0999;3.45518;12853.3;STOP
14;153;4;-1.734;-36.14;2004-07-14 18:17:00;8.48778;3.35486;3019.37;STOP
14;154;4;-1.737;-36.06;2004-07-14 19:00:00;39.3631;3.44875;8897.77;STOP
14;155;4;-1.814;-35.973;2004-07-14 20:00:00;2.4084;3.58757;12915.2;STOP
14;156;4;-1.84;-35.946;2004-07-14 20:19:00;7.66287;3.65514;4166.86;STOP
14;157;4;-1.869;-35.923;2004-07-14 20:38:00;8.34947;3.60955;4114.88;STOP
14;158;4;-1.907;-35.901;2004-07-14 21:00:00;2.40183;3.69833;4881.79;STOP
14;159;4;-2.01;-35.847;2004-07-14 21:58:00;3.86081;3.71552;12930;STOP
14;160;4;-2.044;-35.832;2004-07-14 22:17:00;20.7932;3.62437;4131.78;STOP
14;161;4;-2.101;-35.829;2004-07-14 23:00:00;98.3943;2.46003;6346.87;STOP
14;162;4;-2.088;-35.967;2004-07-14 23:56:00;2.18934;4.58412;15402.6;STOP
14;163;4;-2.067;-36.125;2004-07-15 01:00:00;0.0900027;4.61246;17711.9;STOP
14;164;4;-2.054;-36.224;2004-07-15 01:40:00;1.77029;4.62323;11095.7;STOP
14;165;4;-2.049;-36.274;2004-07-15 02:00:00;12.0508;4.65328;5583.93;STOP
14;166;4;-2.065;-36.418;2004-07-15 03:00:00;3.78448;4.47232;16100.4;STOP
14;167;4;-2.075;-36.474;2004-07-15 03:24:00;3.56773;4.38987;6321.42;STOP
14;168;4;-2.085;-36.561;2004-07-15 04:00:00;148.189;4.50524;9731.32;STOP
14;169;4;-2.066;-36.537;2004-07-15 05:00:00;6.63251;0.945099;3402.35;STOP
14;170;4;-2.056;-36.527;2004-07-15 05:12:00;22.5206;2.18337;1572.03;STOP
14;171;4;-2.032;-36.469;2004-07-15 06:00:00;14.022;2.42217;6975.85;STOP
14;172;4;-1.995;-36.419;2004-07-15 06:42:00;10.9881;2.74354;6913.71;STOP
14;173;4;-1.983;-36.408;2004-07-15 07:00:00;12.0449;1.67558;1809.62;STOP
14;174;4;-1.966;-36.398;2004-07-15 07:10:00;9.89899;3.65462;2192.77;STOP
14;175;4;-1.926;-36.364;2004-07-15 08:00:00;177.854;1.94535;5836.06;STOP
14;176;4;-1.95;-36.386;2004-07-15 08:26:00;165.387;2.32006;3619.3;STOP
14;177;4;-1.916;-36.368;2004-07-15 08:45:00;15.4662;3.75195;4277.22;STOP
14;178;4;-1.898;-36.351;2004-07-15 09:00:00;12.3997;3.05815;2752.34;STOP
14;179;4;-1.878;-36.339;2004-07-15 09:18:00;0.286477;2.40103;2593.12;STOP
14;180;4;-1.819;-36.304;2004-07-15 10:00:00;7.06953;3.02658;7626.97;STOP
14;181;4;-1.788;-36.28;2004-07-15 10:28:00;0.300237;2.59437;4358.54;STOP
14;182;4;-1.742;-36.244;2004-07-15 11:00:00;59.078;3.38228;6493.98;STOP
14;183;5;-1.753;-36.156;2004-07-15 12:00:00;22.8934;2.738;9856.79;MOVE
14;184;5;-1.779;-36.111;2004-07-15 12:31:00;9.59232;3.10584;5776.87;MOVE
14;185;5;-1.803;-36.082;2004-07-15 13:00:00;11.5485;2.40489;4184.5;MOVE
14;186;5;-1.88;-36.02;2004-07-15 14:00:00;21.9103;3.05287;10990.3;MOVE
14;187;5;-1.894;-35.995;2004-07-15 14:19:00;50.1315;2.79365;3184.76;MOVE
14;188;6;-1.91;-35.992;2004-07-15 15:00:00;27.5472;0.735808;1810.09;STOP
14;189;6;-1.956;-36.006;2004-07-15 16:00:00;5.61758;1.4851;5346.36;STOP
14;190;6;-1.981;-36.011;2004-07-15 16:17:00;12.4791;2.77928;2834.86;STOP
14;191;6;-2.03;-36.01;2004-07-15 17:00:00;48.0168;2.11228;5449.68;STOP
14;192;6;-2.06;-36.042;2004-07-15 17:47:00;111.705;1.72898;4875.74;STOP
14;193;6;-2.032;-36.053;2004-07-15 18:00:00;2.50123;4.28823;3344.82;STOP
14;194;6;-1.898;-36.099;2004-07-15 19:00:00;0.0239031;4.37573;15752.6;STOP
14;195;6;-1.834;-36.121;2004-07-15 19:30:00;1.94988;4.18043;7524.77;STOP
14;196;6;-1.785;-36.136;2004-07-15 19:54:00;0.807144;3.95687;5697.89;STOP
14;197;6;-1.644;-36.177;2004-07-15 21:00:00;0.0488825;4.12305;16327.3;STOP
14;198;6;-1.575;-36.197;2004-07-15 21:33:00;1.23308;4.03435;7988.01;STOP
14;199;6;-1.515;-36.213;2004-07-15 22:00:00;2.71871;4.26214;6904.67;STOP
14;200;6;-1.493;-36.22;2004-07-15 22:11:00;2.26166;3.88947;2567.05;STOP
14;201;6;-1.384;-36.25;2004-07-15 23:00:00;0.959704;4.27573;12570.7;STOP
14;202;6;-1.309;-36.272;2004-07-15 23:36:00;58.3354;4.02353;8690.82;STOP
14;203;6;-1.299;-36.263;2004-07-16 00:00:00;125.918;1.03875;1495.8;STOP
14;204;6;-1.313;-36.26;2004-07-16 01:00:00;65.2249;0.442236;1592.05;STOP
14;205;6;-1.316;-36.264;2004-07-16 01:19:00;7.81529;0.487615;555.881;STOP
14;206;6;-1.321;-36.273;2004-07-16 02:00:00;1.20183;0.465281;1144.59;STOP
14;207;6;-1.328;-36.285;2004-07-16 03:00:00;96.2939;0.429017;1544.46;STOP
14;208;6;-1.319;-36.289;2004-07-16 03:12:00;96.3701;1.52097;1095.09;STOP
14;209;6;-1.355;-36.273;2004-07-16 04:00:00;36.4932;2.37069;6116.39;STOP
14;210;6;-1.439;-36.259;2004-07-16 04:51:00;3.6717;3.09449;9469.14;STOP
14;211;6;-1.469;-36.252;2004-07-16 05:05:00;8.53977;4.07785;3425.4;STOP
14;212;6;-1.581;-36.243;2004-07-16 06:00:00;0.846079;3.78604;12493.9;STOP
14;213;6;-1.623;-36.239;2004-07-16 06:21:00;5.13319;3.72326;4691.3;STOP
14;214;6;-1.698;-36.225;2004-07-16 07:00:00;13.4921;3.62545;8483.55;STOP
14;215;6;-1.801;-36.179;2004-07-16 08:00:00;17.9932;3.484;12542.4;STOP
14;216;6;-1.848;-36.174;2004-07-16 08:33:00;13.4248;2.65435;5255.62;STOP
14;217;6;-1.879;-36.178;2004-07-16 09:00:00;41.7332;2.14543;3475.59;STOP
14;218;6;-1.892;-36.193;2004-07-16 09:16:00;35.5152;2.29841;2206.47;STOP
14;219;6;-1.921;-36.2;2004-07-16 10:00:00;45.4658;1.2565;3317.16;STOP
14;220;6;-1.924;-36.205;2004-07-16 10:13:00;40.2582;0.830902;648.104;STOP
14;221;6;-1.974;-36.222;2004-07-16 10:55:00;172.107;2.33014;5871.96;STOP
14;222;6;-1.896;-36.207;2004-07-16 12:00:00;25.3683;2.2646;8831.95;STOP
14;223;6;-1.866;-36.185;2004-07-16 12:20:00;2.97895;3.44659;4135.91;STOP
14;224;6;-1.802;-36.143;2004-07-16 13:00:00;14.0156;3.54614;8510.73;STOP
14;225;6;-1.719;-36.114;2004-07-16 13:54:00;54.0415;3.01722;9775.8;STOP
14;226;6;-1.615;-36.023;2004-07-16 15:00:00;0.197209;3.42955;12552.2;STOP
14;227;6;-1.513;-35.958;2004-07-16 16:06:00;2.25767;3.39586;13447.6;STOP
14;228;6;-1.428;-35.899;2004-07-16 17:00:00;1.62959;3.55064;11504.1;STOP
14;229;6;-1.356;-35.852;2004-07-16 17:45:00;0.554458;3.54073;9559.98;STOP
14;230;6;-1.332;-35.836;2004-07-16 18:00:00;0.818455;3.56342;3207.08;STOP
14;231;6;-1.236;-35.77;2004-07-16 19:00:00;0.315966;3.59807;12953;STOP
14;232;6;-1.19;-35.738;2004-07-16 19:29:00;1.05765;3.58071;6230.43;STOP
14;233;6;-1.143;-35.704;2004-07-16 20:00:00;72.2013;3.46764;6449.81;STOP
14;234;6;-1.159;-35.655;2004-07-16 21:08:00;116.917;1.40456;5730.62;STOP
14;235;6;-1.167;-35.663;2004-07-16 22:00:00;18.4349;0.403172;1257.9;STOP
14;236;6;-1.173;-35.675;2004-07-16 23:00:00;8.97263;0.41433;1491.59;STOP
14;237;6;-1.178;-35.682;2004-07-16 23:34:00;4.57392;0.468824;956.402;STOP
24;1428;44;-1.386;-36.34;2004-08-19 00:06:00;20.655;2.31215;9156.12;STOP
24;1429;44;-1.432;-36.337;2004-08-19 01:00:00;7.09161;1.58205;5125.83;STOP
24;1430;44;-1.5;-36.324;2004-08-19 01:45:00;26.5823;2.85115;7698.1;STOP
24;1431;44;-1.517;-36.311;2004-08-19 02:00:00;31.3168;2.64375;2379.37;STOP
24;1432;44;-1.592;-36.303;2004-08-19 03:00:00;10.8522;2.32969;8386.89;STOP
24;1433;44;-1.64;-36.307;2004-08-19 03:34:00;29.3872;2.62541;5355.84;STOP
24;1434;44;-1.664;-36.296;2004-08-19 04:00:00;20.1823;1.88168;2935.42;STOP
24;1435;45;-1.767;-36.288;2004-08-19 05:00:00;34.6977;3.19098;11487.5;MOVE
24;1436;45;-1.791;-36.302;2004-08-19 05:18:00;35.6968;2.86033;3089.16;MOVE
24;1437;45;-1.833;-36.298;2004-08-19 06:00:00;20.0369;1.86163;4691.3;MOVE
24;1438;45;-1.929;-36.323;2004-08-19 07:00:00;43.9739;3.06399;11030.4;MOVE
24;1439;45;-1.94;-36.341;2004-08-19 07:30:00;108.885;1.3026;2344.69;MOVE
24;1440;45;-1.979;-36.294;2004-08-19 08:00:00;2.82499;3.77152;6788.74;MOVE
24;1441;45;-2.001;-36.27;2004-08-19 08:17:00;64.1888;3.5481;3619.06;MOVE
24;1442;45;-2.011;-36.273;2004-08-19 08:24:00;80.1342;2.76393;1160.85;MOVE
24;1443;45;-2.031;-36.233;2004-08-19 08:40:00;13.5909;5.17741;4970.31;MOVE
24;1444;45;-2.058;-36.201;2004-08-19 09:00:00;1.19178;3.87823;4653.87;MOVE
24;1445;45;-2.146;-36.101;2004-08-19 10:05:00;2.98029;3.79648;14806.3;MOVE
24;1446;45;-2.165;-36.077;2004-08-19 10:19:00;2.23381;4.05029;3402.25;MOVE
24;1447;45;-2.219;-36.014;2004-08-19 11:00:00;2.37734;3.74903;9222.61;MOVE
24;1448;45;-2.301;-35.926;2004-08-19 12:00:00;1.18385;3.71369;13369.3;MOVE
24;1449;45;-2.36;-35.86;2004-08-19 12:46:00;1.873;3.56493;9839.21;MOVE
24;1450;45;-2.381;-35.838;2004-08-19 13:00:00;1.12682;4.02422;3380.35;MOVE
24;1451;45;-2.459;-35.753;2004-08-19 14:00:00;0.780656;3.5616;12821.8;MOVE
24;1452;45;-2.484;-35.725;2004-08-19 14:19:00;0.434799;3.65941;4171.73;MOVE
24;1453;45;-2.535;-35.667;2004-08-19 15:00:00;0.351379;3.48915;8583.32;MOVE
24;1454;45;-2.608;-35.585;2004-08-19 16:00:00;3.32312;3.38911;12200.8;MOVE
24;1455;45;-2.624;-35.569;2004-08-19 16:13:00;2.40597;3.22403;2514.74;MOVE
24;1456;45;-2.681;-35.507;2004-08-19 17:00:00;0.93717;3.31893;9359.39;MOVE
24;1457;45;-2.757;-35.427;2004-08-19 18:01:00;0.463715;3.35042;12262.5;MOVE
24;1458;45;-2.785;-35.398;2004-08-19 18:25:00;19.9516;3.1109;4479.7;MOVE
24;1459;45;-2.83;-35.376;2004-08-19 19:00:00;25.019;2.65165;5568.46;MOVE
24;1460;45;-2.851;-35.35;2004-08-19 19:22:00;13.021;2.81329;3713.54;MOVE
24;1461;45;-2.885;-35.28;2004-08-19 20:09:00;27.2236;3.06541;8644.45;MOVE
24;1462;45;-2.953;-35.229;2004-08-19 21:01:00;2.41951;3.02793;9447.16;MOVE
24;1463;45;-2.986;-35.202;2004-08-19 21:25:00;1.18183;3.29068;4738.58;MOVE
24;1464;45;-3.037;-35.162;2004-08-19 22:00:00;2.72592;3.43015;7203.32;MOVE
24;1465;45;-3.118;-35.092;2004-08-19 23:00:00;75.7316;3.30465;11896.8;MOVE
24;1466;45;-3.117;-35.09;2004-08-19 23:02:00;77.5457;2.06954;248.345;MOVE
24;1467;45;-3.175;-35.043;2004-08-19 23:41:00;2.32838;3.54531;8296.03;MOVE
24;1468;45;-3.2;-35.021;2004-08-20 00:00:00;1.09932;3.24603;3700.48;MOVE
24;1469;45;-3.282;-34.946;2004-08-20 01:00:00;3.04644;3.4299;12347.7;MOVE
24;1470;45;-3.31;-34.923;2004-08-20 01:20:00;1.78526;3.35542;4026.5;MOVE
24;1471;45;-3.366;-34.874;2004-08-20 02:00:00;4.26326e-13;3.44502;8268.04;MOVE
24;1472;45;-3.446;-34.804;2004-08-20 03:00:00;2.52612;3.28087;11811.1;MOVE
24;1473;45;-3.476;-34.78;2004-08-20 03:22:00;2.68797;3.23404;4268.93;MOVE
24;1474;45;-3.526;-34.736;2004-08-20 04:00:00;2.01506;3.24558;7399.92;MOVE
24;1475;45;-3.598;-34.677;2004-08-20 04:57:00;1.26858;3.02417;10342.7;MOVE
24;1476;45;-3.675;-34.611;2004-08-20 06:00:00;0.571035;2.98075;11267.2;MOVE
24;1477;45;-3.75;-34.548;2004-08-20 07:00:00;1.27835;3.02277;10882;MOVE
24;1478;46;-3.816;-34.49;2004-08-20 07:56:00;0.223157;2.90497;9760.71;STOP
24;1479;46;-3.886;-34.428;2004-08-20 09:00:00;9.80817;2.70507;10387.5;STOP
24;1480;46;-3.941;-34.394;2004-08-20 09:45:00;7.27965;2.66122;7185.31;STOP
24;1481;46;-3.963;-34.384;2004-08-20 10:00:00;10.2716;2.9845;2686.05;STOP
24;1482;46;-4.062;-34.359;2004-08-20 11:00:00;10.5045;3.15339;11352.2;STOP
24;1483;46;-4.14;-34.354;2004-08-20 11:43:00;0.0235979;3.36857;8690.92;STOP
24;1484;46;-4.171;-34.352;2004-08-20 12:00:00;0.965075;3.38644;3454.17;STOP
24;1485;46;-4.192;-34.351;2004-08-20 12:11:00;0.0938761;3.54201;2337.73;STOP
24;1486;46;-4.279;-34.347;2004-08-20 13:00:00;0.318712;3.29392;9684.12;STOP
24;1487;46;-4.378;-34.343;2004-08-20 13:55:00;1.31737;3.33855;11017.2;STOP
24;1488;46;-4.493;-34.341;2004-08-20 15:00:00;10.4587;3.27932;12789.3;STOP
24;1489;46;-4.559;-34.352;2004-08-20 16:07:00;167.307;1.85061;7439.47;STOP
24;1490;46;-4.435;-34.359;2004-08-20 17:00:00;3.82684;4.34276;13810;STOP
24;1491;46;-4.33;-34.372;2004-08-20 17:46:00;0.574773;4.26235;11764.1;STOP
24;1492;46;-4.286;-34.377;2004-08-20 18:05:00;1.71943;4.3192;4923.89;STOP
24;1493;46;-4.178;-34.386;2004-08-20 18:57:00;0.338524;3.86232;12050.5;STOP
24;1494;46;-4.122;-34.391;2004-08-20 19:44:00;0.608428;2.21686;6251.56;STOP
24;1495;46;-4.112;-34.392;2004-08-20 20:00:00;10.9644;1.16403;1117.47;STOP
24;1496;46;-4.025;-34.384;2004-08-20 20:41:00;26.3537;3.94901;9714.57;STOP
24;1497;46;-4.012;-34.376;2004-08-20 21:00:00;136.8;1.48787;1696.17;STOP
24;1498;46;-4.051;-34.368;2004-08-20 22:00:00;7.10757;1.22957;4426.46;STOP
24;1499;46;-4.102;-34.364;2004-08-20 22:48:00;22.9196;1.97509;5688.27;STOP
24;1500;46;-4.117;-34.369;2004-08-20 23:00:00;24.0755;2.44124;1757.69;STOP
24;1501;46;-4.129;-34.38;2004-08-20 23:16:00;28.4742;1.88332;1807.98;STOP
24;1502;46;-4.153;-34.386;2004-08-21 00:00:00;17.9017;1.04181;2750.39;STOP
24;1503;46;-4.227;-34.381;2004-08-21 01:00:00;22.3004;2.29086;8247.09;STOP
24;1504;46;-4.278;-34.398;2004-08-21 02:00:00;26.5651;1.66001;5976.05;STOP
24;1505;47;-4.291;-34.411;2004-08-21 02:34:00;46.6847;1.00071;2041.44;MOVE
24;1506;47;-4.325;-34.41;2004-08-21 03:00:00;0.157159;2.42452;3782.25;MOVE
24;1507;47;-4.4;-34.408;2004-08-21 04:00:00;29.329;2.31738;8342.57;MOVE
24;1508;47;-4.455;-34.437;2004-08-21 05:00:00;21.4613;1.91925;6909.3;MOVE
24;1509;47;-4.527;-34.445;2004-08-21 06:00:00;9.40668;2.2375;8055;MOVE
24;1510;47;-4.583;-34.442;2004-08-21 06:34:00;4.49858;3.05676;6235.79;MOVE
24;1511;47;-4.623;-34.443;2004-08-21 07:00:00;4.2945;2.85204;4449.18;MOVE
24;1512;47;-4.683;-34.44;2004-08-21 07:40:00;1.01479;2.78332;6679.98;MOVE
24;1513;47;-4.714;-34.439;2004-08-21 08:00:00;1.84761;2.87402;3448.82;MOVE
24;1514;47;-4.746;-34.439;2004-08-21 08:22:00;2.08257;2.69563;3558.24;MOVE
24;1515;47;-4.801;-34.437;2004-08-21 09:00:00;2.08257;2.68409;6119.73;MOVE
24;1516;47;-4.829;-34.437;2004-08-21 09:19:00;0.954841;2.7311;3113.46;MOVE
24;1517;47;-4.889;-34.438;2004-08-21 10:00:00;0.975746;2.71245;6672.62;MOVE
24;1518;47;-4.978;-34.441;2004-08-21 11:00:00;17.5094;2.75054;9901.93;MOVE
24;1519;47;-5.029;-34.459;2004-08-21 11:35:00;22.0426;2.8625;6011.25;MOVE
24;1520;47;-5.051;-34.458;2004-08-21 11:50:00;1.28535;2.72088;2448.79;MOVE
24;1521;47;-5.154;-34.451;2004-08-21 13:00:00;7.8331;2.73316;11479.3;MOVE
24;1522;47;-5.212;-34.455;2004-08-21 13:39:00;0.476957;2.76261;6464.5;MOVE
24;1523;47;-5.245;-34.457;2004-08-21 14:00:00;0.882849;2.91755;3676.11;MOVE
24;1524;47;-5.337;-34.464;2004-08-21 15:00:00;3.86813;2.84979;10259.3;MOVE
24;1525;47;-5.427;-34.477;2004-08-21 15:56:00;0.0891069;3.00908;10110.5;MOVE
24;1526;47;-5.532;-34.492;2004-08-21 17:00:00;1.12883;3.07107;11792.9;MOVE
24;1527;47;-5.589;-34.499;2004-08-21 17:35:00;12.3158;3.04061;6385.28;MOVE
24;1528;47;-5.632;-34.495;2004-08-21 18:00:00;8.4345;3.20122;4801.83;MOVE
24;1529;47;-5.726;-34.472;2004-08-21 19:00:00;2.43912;2.98825;10757.7;MOVE
24;1530;47;-5.756;-34.466;2004-08-21 19:18:00;4.75005;3.14931;3401.26;MOVE
24;1531;47;-5.822;-34.447;2004-08-21 20:00:00;1.58969;3.02934;7633.94;MOVE
24;1532;47;-5.853;-34.439;2004-08-21 20:20:00;3.69566;2.96569;3558.82;MOVE
24;1533;47;-5.917;-34.418;2004-08-21 21:00:00;11.4204;3.11915;7485.96;MOVE
24;1534;47;-6.01;-34.407;2004-08-21 21:54:00;6.74558;3.21372;10412.4;MOVE
24;1535;47;-6.115;-34.407;2004-08-21 22:51:00;6.89743;3.41388;11675.5;MOVE
24;1536;47;-6.239;-34.392;2004-08-22 00:00:00;0.671598;3.35448;13887.5;MOVE
24;1537;47;-6.294;-34.386;2004-08-22 00:30:00;0.110326;3.41754;6151.57;MOVE
24;1538;47;-6.35;-34.38;2004-08-22 01:00:00;2.10133;3.47896;6262.12;MOVE
24;1539;47;-6.464;-34.372;2004-08-22 02:00:00;0.560859;3.52972;12707;MOVE
24;1540;47;-6.58;-34.365;2004-08-22 03:00:00;1.96371;3.58938;12921.8;MOVE
24;1541;47;-6.696;-34.354;2004-08-22 04:00:00;0.65338;3.59881;12955.7;MOVE
24;1542;47;-6.756;-34.349;2004-08-22 04:31:00;0.946951;3.5992;6694.5;MOVE
24;1543;47;-6.786;-34.346;2004-08-22 04:45:00;1.76541;3.99078;3352.25;MOVE
24;1544;47;-6.815;-34.344;2004-08-22 05:00:00;1.86154;3.59134;3232.21;MOVE
24;1545;47;-6.933;-34.332;2004-08-22 06:00:00;0.0961338;3.66325;13187.7;MOVE
24;1546;47;-6.953;-34.33;2004-08-22 06:10:00;0.995839;3.72471;2234.83;MOVE
24;1547;47;-7.05;-34.322;2004-08-22 07:00:00;0.641071;3.60733;10822;MOVE
24;1548;47;-7.082;-34.319;2004-08-22 07:16:00;1.45533;3.7225;3573.6;MOVE
24;1549;47;-7.17;-34.313;2004-08-22 08:00:00;12.0306;3.71497;9807.52;MOVE
24;1550;47;-7.289;-34.33;2004-08-22 09:00:00;5.72132;3.71234;13364.4;MOVE
24;1551;47;-7.362;-34.348;2004-08-22 09:37:00;0.759526;3.76417;8356.45;MOVE
24;1552;47;-7.405;-34.358;2004-08-22 10:00:00;1.90319;3.55572;4906.9;MOVE
24;1553;47;-7.517;-34.388;2004-08-22 11:00:00;0.381172;3.57933;12885.6;MOVE
24;1554;47;-7.557;-34.399;2004-08-22 11:21:00;5.00018;3.65883;4610.12;MOVE
24;1555;47;-7.592;-34.412;2004-08-22 11:40:00;1.69146;3.63792;4147.23;MOVE
24;1556;47;-7.629;-34.427;2004-08-22 12:00:00;11.8912;3.69496;4433.95;MOVE
24;1557;47;-7.727;-34.493;2004-08-22 13:00:00;15.2773;3.63925;13101.3;MOVE
24;1558;47;-7.752;-34.522;2004-08-22 13:19:00;30.1429;3.71515;4235.27;MOVE
24;1559;47;-7.83;-34.549;2004-08-22 14:00:00;16.4442;3.72728;9169.1;MOVE
24;1560;47;-7.921;-34.614;2004-08-22 15:00:00;17.8893;3.44318;12395.5;MOVE
24;1561;47;-7.967;-34.676;2004-08-22 15:39:00;41.147;3.64586;8531.32;MOVE
24;1562;47;-7.965;-34.701;2004-08-22 15:45:00;33.3137;7.67227;2762.02;MOVE
24;1563;47;-7.982;-34.732;2004-08-22 16:00:00;0.82678;4.33572;3902.15;MOVE
24;1564;47;-8.041;-34.836;2004-08-22 17:00:00;7.76517;3.66598;13197.5;MOVE
24;1565;47;-8.047;-34.851;2004-08-22 17:24:00;68.1986;1.23693;1781.18;MOVE
24;1566;47;-8.048;-34.851;2004-08-22 18:00:00;180;0.0514791;111.195;MOVE
24;1567;47;-8.046;-34.851;2004-08-22 19:00:00;0;0.061775;222.39;MOVE
34;1318;14;2.58;-36.306;2004-07-15 00:03:00;3.28;4.67;17666.7;STOP
34;1319;14;2.52;-36.416;2004-07-15 01:00:00;18.31;4.07;13922;STOP
34;1320;14;2.516;-36.438;2004-07-15 01:42:00;3.18;0.99;2484.07;STOP
34;1321;14;2.515;-36.446;2004-07-15 02:00:00;1.62;0.83;895.63;STOP
34;1322;14;2.511;-36.472;2004-07-15 03:00:00;4.25;0.81;2922.33;STOP
34;1323;14;2.508;-36.485;2004-07-15 03:26:00;0.9;0.95;1482.17;STOP
34;1324;14;2.505;-36.499;2004-07-15 04:00:00;3.96;0.78;1590.61;STOP
34;1325;14;2.501;-36.527;2004-07-15 05:00:00;8.13;0.87;3142.13;STOP
34;1326;14;2.501;-36.532;2004-07-15 05:14:00;111.8;0.66;555.45;STOP
34;1327;14;2.486;-36.526;2004-07-15 06:00:00;61.68;0.65;1796.17;STOP
34;1328;14;2.482;-36.491;2004-07-15 07:07:00;49.79;0.97;3913.52;STOP
34;1329;14;2.479;-36.489;2004-07-15 08:00:00;98.71;0.13;400.8;STOP
34;1330;14;2.521;-36.443;2004-07-15 08:51:00;18;2.26;6922.7;STOP
34;1331;14;2.565;-36.418;2004-07-15 09:24:00;14.67;2.84;5625.81;STOP
34;1332;14;2.605;-36.379;2004-07-15 10:00:00;4.3;2.87;6208.93;STOP
34;1333;14;2.65;-36.328;2004-07-15 11:00:00;3.95;2.1;7558.42;STOP
34;1334;14;2.727;-36.252;2004-07-15 12:00:00;1.31;3.34;12023.6;STOP
34;1335;14;2.757;-36.221;2004-07-15 12:28:00;2.75;2.85;4794.04;STOP
34;1336;14;2.786;-36.188;2004-07-15 13:00:00;5.28;2.54;4881.77;STOP
34;1337;14;2.86;-36.118;2004-07-15 14:00:00;3.31;3.14;11320.1;STOP
34;1338;14;2.879;-36.102;2004-07-15 14:12:00;0.33;3.83;2760.59;STOP
34;1339;14;2.933;-36.056;2004-07-15 15:00:00;4.14;2.74;7883.53;STOP
34;1340;14;2.999;-35.991;2004-07-15 16:00:00;0.44;2.86;10293.6;STOP
34;1341;14;3.019;-35.971;2004-07-15 16:19:00;5.39;2.76;3142.9;STOP
34;1342;14;3.077;-35.923;2004-07-15 17:00:00;0.82;3.4;8366.62;STOP
34;1343;14;3.131;-35.877;2004-07-15 17:58:00;1.5;2.27;7882.92;STOP
34;1344;14;3.235;-35.793;2004-07-15 19:00:00;11.58;3.99;14856.2;STOP
34;1345;14;3.293;-35.763;2004-07-15 19:28:00;1.92;4.32;7258.47;STOP
34;1346;14;3.354;-35.734;2004-07-15 19:56:00;0.5;4.47;7508.07;STOP
34;1347;14;3.426;-35.699;2004-07-15 20:29:00;0.97;4.49;8898.87;STOP
34;1348;14;3.495;-35.664;2004-07-15 21:00:00;0.36;4.62;8599.86;STOP
34;1349;14;3.561;-35.63;2004-07-15 21:30:00;1.72;4.58;8252.15;STOP
34;1350;14;3.626;-35.594;2004-07-15 22:00:00;3.27;4.59;8258.35;STOP
34;1351;14;3.653;-35.581;2004-07-15 22:13:00;3.67;4.27;3330.88;STOP
34;1352;14;3.756;-35.523;2004-07-15 23:00:00;16.19;4.66;13137.5;STOP
34;1353;14;3.805;-35.473;2004-07-15 23:33:00;45.39;3.93;7775.8;STOP
34;1354;14;3.804;-35.414;2004-07-16 00:00:00;0.97;4.04;6546.99;STOP
34;1355;14;3.804;-35.301;2004-07-16 01:00:00;135;3.48;12537.3;STOP
34;1356;14;3.808;-35.305;2004-07-16 01:17:00;3.81;0.62;628.32;STOP
34;1357;14;3.816;-35.312;2004-07-16 02:00:00;0.27;0.46;1180.88;STOP
34;1358;14;3.831;-35.325;2004-07-16 03:00:00;4.04;0.61;2205.05;STOP
34;1359;14;3.835;-35.328;2004-07-16 03:20:00;18.43;0.46;555.53;STOP
34;1360;14;3.847;-35.332;2004-07-16 04:00:00;9.87;0.59;1406.2;STOP
34;1361;14;3.86;-35.339;2004-07-16 04:49:00;5.39;0.56;1640.94;STOP
34;1362;14;3.863;-35.341;2004-07-16 05:00:00;0.78;0.61;400.64;STOP
34;1363;14;3.88;-35.352;2004-07-16 06:00:00;149.47;0.63;2250.01;STOP
34;1364;14;3.875;-35.342;2004-07-16 06:19:00;11.48;1.09;1240.92;STOP
34;1365;14;3.857;-35.319;2004-07-16 06:38:00;179.39;2.84;3243;STOP
34;1366;14;3.861;-35.324;2004-07-16 07:00:00;10.74;0.54;711.01;STOP
34;1367;14;3.868;-35.33;2004-07-16 08:00:00;38.09;0.28;1024.18;STOP
34;1368;14;3.872;-35.35;2004-07-16 08:21:00;1.85;1.8;2262.97;STOP
34;1369;14;3.884;-35.422;2004-07-16 09:00:00;16.78;3.46;8098.39;STOP
34;1370;14;3.87;-35.531;2004-07-16 10:09:00;34.39;2.95;12192.3;STOP
34;1371;14;3.829;-35.577;2004-07-16 10:51:00;5.35;2.72;6843.2;STOP
34;1372;14;3.757;-35.644;2004-07-16 12:00:00;6.91;2.64;10925.1;STOP
34;1373;14;3.735;-35.66;2004-07-16 12:16:00;0.4;3.15;3022.59;STOP
34;1374;14;3.675;-35.703;2004-07-16 13:00:00;20.95;3.11;8202.3;STOP
34;1375;14;3.591;-35.725;2004-07-16 13:55:00;0.18;2.93;9654.16;STOP
34;1376;14;3.533;-35.74;2004-07-16 15:00:00;17.21;1.71;6660.69;STOP
34;1377;14;3.444;-35.795;2004-07-16 16:07:00;34.06;2.89;11627.6;STOP
34;1378;14;3.426;-35.835;2004-07-16 17:00:00;114.23;1.53;4870.1;STOP
34;1379;14;3.528;-35.835;2004-07-16 17:42:00;0;4.5;11341.9;STOP
34;1380;14;3.576;-35.835;2004-07-16 18:00:00;53.3;4.94;5337.36;STOP
34;1381;14;3.655;-35.729;2004-07-16 19:00:00;2.1;4.08;14681.2;STOP
34;1382;14;3.695;-35.671;2004-07-16 19:30:00;0.2;4.35;7823.4;STOP
34;1383;14;3.736;-35.612;2004-07-16 20:00:00;2.03;4.43;7977.71;STOP
34;1384;14;3.792;-35.525;2004-07-16 20:45:00;27.17;4.25;11487.2;STOP
34;1385;14;3.797;-35.474;2004-07-16 21:09:00;4.11;3.95;5685.76;STOP
34;1386;14;3.8;-35.359;2004-07-16 22:01:00;0.63;4.09;12763.7;STOP
34;1387;14;3.805;-35.224;2004-07-16 23:00:00;1.5;4.23;14988.6;STOP
34;1388;14;3.806;-35.132;2004-07-16 23:40:00;3.11;4.25;10208;STOP
34;1389;14;3.804;-35.086;2004-07-17 00:00:00;4.75;4.26;5108.53;STOP
34;1390;14;3.807;-35.01;2004-07-17 01:00:00;138.45;2.34;8438.78;STOP
34;1391;14;3.816;-35.021;2004-07-17 02:00:00;3.22;0.44;1578.28;STOP
34;1392;14;3.827;-35.033;2004-07-17 03:02:00;2.49;0.49;1807.94;STOP
34;1393;14;3.836;-35.042;2004-07-17 04:00:00;8.97;0.41;1413.7;STOP
34;1394;14;3.847;-35.05;2004-07-17 05:00:00;0;0.42;1511.24;STOP
34;1395;14;3.858;-35.058;2004-07-17 05:56:00;129.68;0.45;1511.23;STOP
34;1396;14;3.855;-35.011;2004-07-17 07:00:00;22.09;1.36;5224.99;STOP
34;1397;14;3.859;-34.999;2004-07-17 07:40:00;71.57;0.58;1403.65;STOP
34;1398;14;3.862;-34.999;2004-07-17 07:59:00;79.55;0.29;333.58;STOP
34;1399;14;3.881;-35.102;2004-07-17 09:00:00;3.13;3.18;11620.6;STOP
34;1400;14;3.91;-35.222;2004-07-17 10:00:00;16.41;3.8;13697.5;STOP
34;1401;14;3.906;-35.303;2004-07-17 10:44:00;8.86;3.41;8996.85;STOP
34;1402;14;3.9;-35.332;2004-07-17 11:00:00;2.58;3.42;3285.62;STOP
34;1403;14;3.883;-35.438;2004-07-17 12:00:00;2.3;3.31;11910.5;STOP
34;1404;14;3.86;-35.552;2004-07-17 13:00:00;20.02;3.58;12903.3;STOP
34;1405;14;3.838;-35.588;2004-07-17 13:24:00;2.89;3.25;4683.62;STOP
34;1406;14;3.807;-35.645;2004-07-17 14:00:00;11.01;3.33;7202.45;STOP
34;1407;14;3.777;-35.74;2004-07-17 15:00:00;47.32;3.07;11055.7;STOP
34;1408;15;3.711;-35.771;2004-07-17 15:50:00;65.03;2.7;8104.96;MOVE
34;1409;15;3.626;-35.7;2004-07-17 17:00:00;166.69;2.93;12304.7;MOVE
34;1410;15;3.632;-35.703;2004-07-17 17:34:00;10.62;0.37;745.62;MOVE
34;1411;16;3.639;-35.705;2004-07-17 18:00:00;12.36;0.52;809.39;STOP
34;1412;16;3.652;-35.712;2004-07-17 18:44:00;65.6;0.62;1641.03;STOP
34;1413;16;3.649;-35.756;2004-07-17 19:03:00;3.01;4.29;4894.03;STOP
34;1414;16;3.647;-35.885;2004-07-17 20:00:00;3.35;4.19;14316.8;STOP
34;1415;16;3.643;-35.939;2004-07-17 20:23:00;0.34;4.35;6008.86;STOP
34;1416;16;3.64;-35.983;2004-07-17 20:42:00;1.41;4.29;4894.08;STOP
34;1417;16;3.636;-36.026;2004-07-17 21:00:00;0.02;4.44;4792.43;STOP
34;1418;16;3.626;-36.133;2004-07-17 21:44:00;0.02;4.52;11925.9;STOP
34;1419;16;3.622;-36.176;2004-07-17 22:00:00;16.49;4.99;4792.5;STOP
34;1420;16;3.572;-36.301;2004-07-17 23:00:00;16.2;4.15;14944.7;STOP
34;1421;16;3.547;-36.333;2004-07-17 23:18:00;2.97;4.18;4509.98;STOP
34;1422;16;3.481;-36.409;2004-07-18 00:00:00;0.06;4.44;11180.7;STOP
34;1423;16;3.429;-36.469;2004-07-18 00:34:00;18.51;4.32;8819.46;STOP
34;1424;16;3.407;-36.482;2004-07-18 01:00:00;152.54;1.82;2840.15;STOP
34;1425;16;3.48;-36.365;2004-07-18 02:00:00;1.15;4.25;15314.5;STOP
34;1426;16;3.495;-36.342;2004-07-18 02:12:00;2.67;4.24;3049.34;STOP
34;1427;16;3.552;-36.245;2004-07-18 03:00:00;5.86;4.34;12492.7;STOP
34;1428;16;3.611;-36.116;2004-07-18 04:00:00;2.78;4.37;15747.8;STOP
34;1429;16;3.635;-36.056;2004-07-18 04:29:00;0.88;4.12;7173.26;STOP
34;1430;16;3.661;-35.988;2004-07-18 05:00:00;4.98;4.34;8080.8;STOP
34;1431;16;3.681;-35.918;2004-07-18 05:31:00;1.52;4.34;8079.76;STOP
34;1432;16;3.699;-35.848;2004-07-18 06:00:00;2.08;4.61;8021.24;STOP
34;1433;16;3.706;-35.816;2004-07-18 06:14:00;4.05;4.33;3635.12;STOP
34;1434;16;3.741;-35.697;2004-07-18 07:06:00;73.61;4.41;13765.9;STOP
34;1435;16;3.748;-35.697;2004-07-18 07:44:00;0;0.34;778.36;STOP
34;1436;16;3.748;-35.697;2004-07-18 08:00:00;64.59;0;0;STOP
34;1437;16;3.767;-35.737;2004-07-18 08:46:00;22.55;1.78;4915.43;STOP
34;1438;16;3.768;-35.757;2004-07-18 09:00:00;2.86;2.65;2221.88;STOP
34;1439;16;3.768;-35.773;2004-07-18 09:19:00;7.85;1.56;1775.27;STOP
34;1440;16;3.76;-35.831;2004-07-18 10:00:00;0.28;2.64;6496.58;STOP
34;1441;16;3.753;-35.88;2004-07-18 10:30:00;3.96;3.05;5492.28;STOP
34;1442;16;3.744;-35.922;2004-07-18 11:00:00;6.19;2.65;4766.44;STOP
34;1443;16;3.741;-35.951;2004-07-18 11:21:00;4.86;2.57;3235.02;STOP
34;1444;16;3.74;-36.006;2004-07-18 12:00:00;1.04;2.61;6103.71;STOP
34;1445;16;3.74;-36.119;2004-07-18 13:00:00;5.19;3.48;12538.3;STOP
34;1446;16;3.73;-36.229;2004-07-18 14:00:00;19.15;3.4;12256;STOP
34;1447;16;3.692;-36.313;2004-07-18 15:00:00;12.35;2.84;10233.8;STOP
34;1448;16;3.654;-36.364;2004-07-18 15:46:00;1.6;2.56;7062.69;STOP
34;1449;16;3.639;-36.383;2004-07-18 16:00:00;2.79;3.2;2688.39;STOP
34;1450;16;3.571;-36.461;2004-07-18 17:00:00;157.35;3.19;11493.5;STOP
34;1451;16;3.575;-36.449;2004-07-18 17:20:00;6.55;1.17;1404.06;STOP
34;1452;16;3.595;-36.354;2004-07-18 18:00:00;179.42;4.49;10774.8;STOP
34;1453;16;3.59;-36.379;2004-07-18 18:16:00;4.45;2.95;2829.57;STOP
34;1454;16;3.577;-36.487;2004-07-18 19:00:00;1.12;4.57;12072.4;STOP
34;1455;16;3.562;-36.636;2004-07-18 20:00:00;0.37;4.62;16619.8;STOP
34;1456;16;3.556;-36.692;2004-07-18 20:23:00;0.59;4.53;6250.61;STOP
34;1457;16;3.547;-36.785;2004-07-18 21:00:00;0.09;4.67;10369.7;STOP
34;1458;16;3.539;-36.869;2004-07-18 21:33:00;0.47;4.73;9364.87;STOP
34;1459;16;3.533;-36.927;2004-07-18 21:57:00;0.91;4.49;6471.51;STOP
34;1460;16;3.514;-37.086;2004-07-18 23:03:00;3.11;4.49;17772.6;STOP
