tid;gid;sid;latitude;longitude;time;direction_inference;speed_inference_m_s;distance_inference_m;label
5;0;1;-8.057;-34.868;2004-07-28 15:22:00;0;0;0;MOVE
5;1;1;-8.057;-34.868;2004-07-28 17:07:00;0;0;0;MOVE
5;2;1;-8.057;-34.868;2004-07-28 19:43:00;0;0;0;MOVE
5;3;1;-8.057;-34.868;2004-07-28 21:23:00;0;0;0;MOVE
5;4;1;-8.057;-34.868;2004-07-28 22:37:00;0;0;0;MOVE
5;5;1;-8.057;-34.868;2004-07-28 23:38:00;72.7585;0;0;MOVE
5;6;1;-8.039;-34.81;2004-07-29 20:00:00;0.409791;0.0912726;6692.11;MOVE
5;7;1;-8.003;-34.691;2004-07-29 21:03:00;9.28224;3.62449;13700.6;MOVE
5;8;1;-7.953;-34.589;2004-07-29 22:00:00;1.09702;3.66456;12532.8;MOVE
5;9;1;-7.925;-34.529;2004-07-29 22:34:00;5.00147;3.58065;7304.52;MOVE
5;10;1;-7.899;-34.484;2004-07-29 23:00:00;5.73552;3.67803;5737.73;MOVE
5;11;1;-7.881;-34.459;2004-07-29 23:14:00;1.59419;4.05254;3404.13;MOVE
5;12;1;-7.824;-34.375;2004-07-30 00:00:00;0.734883;4.06356;11215.4;MOVE
5;13;1;-7.758;-34.275;2004-07-30 00:57:00;5.03179;3.8706;13237.4;MOVE
5;14;1;-7.698;-34.164;2004-07-30 02:00:00;5.46092;3.68568;13931.9;MOVE
5;15;1;-7.676;-34.112;2004-07-30 02:31:00;0.401941;3.34974;6230.51;MOVE
5;16;1;-7.654;-34.061;2004-07-30 03:00:00;1.81816;3.52275;6129.58;MOVE
5;17;1;-7.613;-33.957;2004-07-30 04:00:00;0.947328;3.42644;12335.2;MOVE
5;18;1;-7.57;-33.853;2004-07-30 05:00:00;1.48972;3.45004;12420.1;MOVE
5;19;1;-7.547;-33.793;2004-07-30 05:35:00;1.74092;3.37666;7090.99;MOVE
5;20;1;-7.529;-33.75;2004-07-30 06:00:00;1.19853;3.43021;5145.31;MOVE
5;21;1;-7.488;-33.646;2004-07-30 07:00:00;0.733139;3.4273;12338.3;MOVE
5;22;1;-7.452;-33.558;2004-07-30 07:52:00;0.301852;3.36393;10495.5;MOVE
5;23;1;-7.403;-33.44;2004-07-30 09:00:00;6.50373;3.45728;14105.7;MOVE
5;24;1;-7.363;-33.368;2004-07-30 09:45:00;1.59606;3.3706;9100.61;MOVE
5;25;1;-7.347;-33.341;2004-07-30 10:00:00;0.358972;3.85399;3468.59;MOVE
5;26;1;-7.288;-33.24;2004-07-30 11:00:00;0.933943;3.591;12927.6;MOVE
5;27;1;-7.27;-33.208;2004-07-30 11:19:00;1.00036;3.55927;4057.57;MOVE
5;28;1;-7.229;-33.138;2004-07-30 12:00:00;0.772198;3.64507;8966.87;MOVE
5;29;1;-7.168;-33.037;2004-07-30 13:00:00;1.91107;3.62344;13044.4;MOVE
5;30;1;-7.135;-32.978;2004-07-30 13:35:00;2.54023;3.55832;7472.47;MOVE
5;31;1;-7.109;-32.936;2004-07-30 14:00:00;0.882667;3.64135;5462.02;MOVE
5;32;1;-7.051;-32.839;2004-07-30 15:00:00;0.34159;3.47124;12496.5;MOVE
5;33;1;-6.991;-32.74;2004-07-30 16:00:00;1.47352;3.55603;12801.7;MOVE
5;34;1;-6.951;-32.67;2004-07-30 16:43:00;1.86262;3.45539;8914.91;MOVE
5;35;1;-6.935;-32.644;2004-07-30 17:00:00;1.67599;3.31039;3376.6;MOVE
5;36;1;-6.878;-32.545;2004-07-30 18:00:00;0.0501275;3.50927;12633.4;MOVE
5;37;1;-6.863;-32.519;2004-07-30 18:18:00;0.737265;3.07383;3319.73;MOVE
5;38;1;-6.822;-32.45;2004-07-30 19:00:00;0.787392;3.52294;8877.8;MOVE
5;39;1;-6.765;-32.351;2004-07-30 20:00:00;0.39273;3.50989;12635.6;MOVE
5;40;1;-6.731;-32.291;2004-07-30 20:38:00;2.16265;3.34572;7628.24;MOVE
5;41;1;-6.71;-32.257;2004-07-30 21:00:00;2.39922;3.34966;4421.54;MOVE
5;42;1;-6.655;-32.159;2004-07-30 22:00:00;0.491414;3.45318;12431.4;MOVE
5;43;1;-6.644;-32.139;2004-07-30 22:12:00;0.0709985;3.50691;2524.97;MOVE
5;44;1;-6.61;-32.077;2004-07-30 22:50:00;1.98248;3.43084;7822.31;MOVE
5;45;1;-6.55;-31.958;2004-07-31 00:00:00;0.582028;3.50981;14741.2;MOVE
5;46;1;-6.521;-31.899;2004-07-31 00:34:00;1.42201;3.56467;7271.93;MOVE
5;47;1;-6.498;-31.855;2004-07-31 01:00:00;0.593205;3.521;5492.76;MOVE
5;48;1;-6.445;-31.751;2004-07-31 02:00:00;2.38053;3.58715;12913.7;MOVE
5;49;1;-6.434;-31.727;2004-07-31 02:14:00;1.94149;3.47659;2920.33;MOVE
5;50;1;-6.393;-31.645;2004-07-31 03:00:00;5.32907e-13;3.67508;10143.2;MOVE
5;51;1;-6.355;-31.569;2004-07-31 03:44:00;1.61354;3.56121;9401.6;MOVE
5;52;1;-6.34;-31.541;2004-07-31 04:00:00;2.27208;3.66174;3515.27;MOVE
5;53;1;-6.289;-31.436;2004-07-31 05:00:00;0.146987;3.58782;12916.2;MOVE
5;54;1;-6.267;-31.391;2004-07-31 05:27:00;1.29638;3.42148;5542.8;MOVE
5;55;1;-6.237;-31.333;2004-07-31 06:00:00;1.23596;3.64995;7226.9;MOVE
5;56;1;-6.187;-31.231;2004-07-31 07:00:00;0.108054;3.49209;12571.5;MOVE
5;57;1;-6.154;-31.164;2004-07-31 07:39:00;1.60213;3.53248;8266.01;MOVE
5;58;1;-6.135;-31.128;2004-07-31 08:00:00;4.07606;3.57619;4506;MOVE
5;59;1;-6.074;-31.03;2004-07-31 09:00:00;6.39001;3.5509;12783.3;MOVE
5;60;1;-6.059;-31.011;2004-07-31 09:13:00;2.31113;3.43906;2682.47;MOVE
5;61;1;-5.999;-30.941;2004-07-31 10:00:00;3.63295;3.62376;10219;MOVE
5;62;1;-5.929;-30.848;2004-07-31 11:00:00;0.973809;3.5829;12898.4;MOVE
5;63;1;-5.883;-30.789;2004-07-31 11:39:00;0.795467;3.54333;8291.4;MOVE
5;64;1;-5.858;-30.756;2004-07-31 12:00:00;2.04083;3.64143;4588.2;MOVE
5;65;1;-5.783;-30.664;2004-07-31 13:00:00;1.04884;3.65491;13157.7;MOVE
5;66;1;-5.761;-30.638;2004-07-31 13:19:00;0.430787;3.31227;3775.99;MOVE
5;67;1;-5.706;-30.572;2004-07-31 14:00:00;6.7817;3.8719;9524.89;MOVE
5;68;1;-5.654;-30.492;2004-07-31 14:48:00;3.27899;3.6712;10573.1;MOVE
5;69;1;-5.642;-30.471;2004-07-31 15:00:00;1.8973;3.72168;2679.61;MOVE
5;70;1;-5.586;-30.365;2004-07-31 16:00:00;2.68828;3.68901;13280.5;MOVE
5;71;1;-5.555;-30.299;2004-07-31 16:36:00;1.80374;3.73923;8076.73;MOVE
5;72;1;-5.536;-30.255;2004-07-31 17:00:00;1.9244;3.68627;5308.23;MOVE
5;73;1;-5.494;-30.148;2004-07-31 18:00:00;4.9152;3.53621;12730.4;MOVE
5;74;1;-5.442;-30.043;2004-07-31 19:00:00;6.16116;3.60589;12981.2;MOVE
5;75;1;-5.377;-29.941;2004-07-31 20:00:00;1.17883;3.72403;13406.5;MOVE
5;76;1;-5.363;-29.918;2004-07-31 20:13:00;0.263528;3.8262;2984.43;MOVE
5;77;1;-5.313;-29.835;2004-07-31 21:00:00;4.47251;3.80857;10740.2;MOVE
5;78;1;-5.253;-29.751;2004-07-31 21:51:00;0.489696;3.74057;11446.2;MOVE
5;79;1;-5.237;-29.729;2004-07-31 22:05:00;0.335495;3.59113;3016.55;MOVE
5;80;1;-5.17;-29.638;2004-07-31 23:00:00;0.262872;3.79756;12532;MOVE
5;81;1;-5.086;-29.525;2004-08-01 00:08:00;0.400797;3.82746;15616.1;MOVE
5;82;1;-5.023;-29.439;2004-08-01 01:00:00;1.1244;3.78979;11824.2;MOVE
5;83;1;-4.965;-29.363;2004-08-01 01:47:00;6.10249;3.76068;10605.1;MOVE
5;84;1;-4.947;-29.344;2004-08-01 02:00:00;3.30845;3.72374;2904.52;MOVE
5;85;1;-4.877;-29.261;2004-08-01 03:00:00;4.51549;3.34648;12047.3;MOVE
5;86;1;-4.834;-29.201;2004-08-01 03:40:00;3.0319;3.41194;8188.67;MOVE
5;87;1;-4.81;-29.171;2004-08-01 04:00:00;2.8079;3.5523;4262.76;MOVE
5;88;1;-4.734;-29.085;2004-08-01 05:00:00;5.91824;3.53804;12736.9;MOVE
5;89;1;-4.709;-29.062;2004-08-01 05:19:00;0.476792;3.30832;3771.49;MOVE
5;90;1;-4.647;-29.004;2004-08-01 06:00:00;18.3884;3.83162;9425.78;MOVE
5;91;2;-4.547;-28.958;2004-08-01 07:00:00;27.8823;3.39796;12232.7;STOP
5;92;2;-4.511;-28.96;2004-08-01 07:16:00;2.62358;4.1762;4009.15;STOP
5;93;2;-4.408;-28.961;2004-08-01 08:00:00;2.12752;4.33849;11453.6;STOP
5;94;2;-4.28;-28.967;2004-08-01 08:55:00;0.0207744;4.31772;14248.5;STOP
5;95;2;-4.237;-28.969;2004-08-01 09:14:00;0.546486;4.1987;4786.52;STOP
5;96;2;-4.13;-28.975;2004-08-01 10:00:00;2.96069;4.31755;11916.4;STOP
5;97;2;-4.019;-28.987;2004-08-01 10:48:00;1.95993;4.31048;12414.2;STOP
5;98;2;-3.991;-28.991;2004-08-01 11:00:00;1.28733;4.36794;3144.91;STOP
5;99;2;-3.966;-28.994;2004-08-01 11:11:00;0.337147;4.242;2799.72;STOP
5;100;2;-3.852;-29.007;2004-08-01 12:00:00;0.263712;4.33945;12758;STOP
5;101;2;-3.724;-29.021;2004-08-01 12:55:00;5.71141;4.33862;14317.5;STOP
5;102;2;-3.616;-29.022;2004-08-01 14:00:00;117.096;3.07938;12009.6;STOP
5;103;2;-3.619;-29.016;2004-08-01 14:40:00;166.759;0.310304;744.729;STOP
5;104;2;-3.614;-29.022;2004-08-01 15:00:00;2.33202;0.722867;867.44;STOP
5;105;2;-3.595;-29.043;2004-08-01 16:00:00;13.083;0.87377;3145.57;STOP
5;106;2;-3.59;-29.052;2004-08-01 16:23:00;13.6548;0.828336;1143.1;STOP
5;107;2;-3.578;-29.065;2004-08-01 17:00:00;2.1081;0.885208;1965.16;STOP
5;108;2;-3.56;-29.086;2004-08-01 17:58:00;139.692;0.882777;3072.06;STOP
5;109;2;-3.61;-29.078;2004-08-01 19:00:00;6.36397;1.51349;5630.19;STOP
5;110;2;-3.694;-29.074;2004-08-01 19:51:00;4.18492;3.05585;9350.92;STOP
5;111;2;-3.727;-29.07;2004-08-01 20:10:00;1.7259;3.24226;3696.18;STOP
5;112;2;-3.806;-29.058;2004-08-01 21:00:00;17.9279;2.96158;8884.73;STOP
5;113;2;-3.836;-29.043;2004-08-01 21:21:00;30.8542;2.95868;3727.93;STOP
5;114;2;-3.876;-29.046;2004-08-01 21:49:00;23.7292;2.6549;4460.23;STOP
5;115;2;-3.893;-29.04;2004-08-01 22:00:00;7.40726;3.03649;2004.09;STOP
5;116;2;-3.974;-28.999;2004-08-01 23:00:00;3.91519;2.80279;10090;STOP
5;117;2;-4;-28.988;2004-08-01 23:33:00;12.1478;1.58485;3138.01;STOP
5;118;2;-4.021;-28.984;2004-08-01 23:52:00;16.3113;2.08498;2376.87;STOP
15;238;6;-1.181;-35.687;2004-07-17 00:00:00;2.89127;0.415558;648.271;STOP
15;239;6;-1.189;-35.702;2004-07-17 00:54:00;39.4069;0.583333;1890;STOP
15;240;6;-1.23;-35.719;2004-07-17 02:00:00;18.2945;1.24626;4935.19;STOP
15;241;6;-1.274;-35.757;2004-07-17 02:28:00;1.00951;3.8476;6463.97;STOP
15;242;6;-1.322;-35.797;2004-07-17 03:02:00;1.98984;3.40537;6946.95;STOP
15;243;6;-1.389;-35.849;2004-07-17 04:00:00;3.43539;2.70966;9429.62;STOP
15;244;6;-1.446;-35.888;2004-07-17 04:41:00;4.00122;3.12152;7678.95;STOP
15;245;6;-1.475;-35.905;2004-07-17 05:00:00;2.52612;3.27856;3737.56;STOP
15;246;6;-1.56;-35.96;2004-07-17 05:56:00;5.1418;3.35014;11256.5;STOP
15;247;6;-1.606;-35.996;2004-07-17 06:28:00;1.74255;3.3824;6494.21;STOP
15;248;6;-1.655;-36.032;2004-07-17 07:00:00;7.97028;3.52084;6760.02;STOP
15;249;6;-1.695;-36.071;2004-07-17 07:39:00;5.90729;2.65415;6210.71;STOP
15;250;6;-1.719;-36.09;2004-07-17 07:58:00;7.52965;2.98522;3403.15;STOP
15;251;6;-1.786;-36.13;2004-07-17 09:00:00;2.03085;2.33218;8675.7;STOP
15;252;6;-1.851;-36.172;2004-07-17 09:42:00;4.00122;3.41426;8603.95;STOP
15;253;6;-1.875;-36.19;2004-07-17 10:00:00;26.0345;3.08816;3335.21;STOP
15;254;6;-1.897;-36.233;2004-07-17 11:00:00;131.368;1.49126;5368.54;STOP
15;255;6;-1.783;-36.204;2004-07-17 12:00:00;31.1777;3.6332;13079.5;STOP
15;256;6;-1.681;-36.235;2004-07-17 13:00:00;10.565;3.29269;11853.7;STOP
15;257;6;-1.636;-36.24;2004-07-17 13:20:00;1.25445;4.19545;5034.54;STOP
15;258;6;-1.561;-36.25;2004-07-17 14:00:00;0.469627;3.50557;8413.37;STOP
15;259;6;-1.441;-36.265;2004-07-17 15:00:00;1.37956;3.73532;13447.2;STOP
15;260;6;-1.334;-36.281;2004-07-17 15:55:00;0.374477;3.64547;12030.1;STOP
15;261;6;-1.201;-36.3;2004-07-17 17:00:00;2.16562;3.83051;14939;STOP
15;262;6;-1.134;-36.307;2004-07-17 17:34:00;0.862322;3.67186;7490.59;STOP
15;263;6;-1.078;-36.312;2004-07-17 18:00:00;0.86577;4.00749;6251.68;STOP
15;264;6;-0.997;-36.318;2004-07-17 18:40:00;0.245482;3.76311;9031.46;STOP
15;265;6;-0.954;-36.321;2004-07-17 19:00:00;1.58128;3.99417;4793;STOP
15;266;6;-0.831;-36.333;2004-07-17 20:00:00;62.837;3.81719;13741.9;STOP
15;267;6;-0.822;-36.319;2004-07-17 20:19:00;39.6465;1.62326;1850.52;STOP
15;268;6;-0.826;-36.286;2004-07-17 20:47:00;83.0888;2.19995;3695.91;STOP
15;269;6;-0.828;-36.286;2004-07-17 21:00:00;48.8141;0.285115;222.39;STOP
15;270;6;-0.835;-36.294;2004-07-17 21:44:00;7.49586;0.447708;1181.95;STOP
15;271;6;-0.837;-36.297;2004-07-17 22:00:00;5.59934;0.417593;400.889;STOP
15;272;6;-0.846;-36.308;2004-07-17 23:00:00;2.41951;0.438965;1580.27;STOP
15;273;6;-0.849;-36.312;2004-07-17 23:18:00;7.12502;0.514755;555.936;STOP
15;274;6;-0.853;-36.319;2004-07-18 00:00:00;24.2277;0.355717;896.408;STOP
15;275;6;-0.864;-36.327;2004-07-18 00:34:00;59.6567;0.741351;1512.36;STOP
15;276;6;-0.88;-36.32;2004-07-18 01:00:00;11.7142;1.24481;1941.9;STOP
15;277;6;-0.989;-36.297;2004-07-18 02:00:00;2.45282;3.44085;12387.1;STOP
15;278;6;-1.013;-36.293;2004-07-18 02:13:00;5.42394;3.46856;2705.48;STOP
15;279;6;-1.092;-36.272;2004-07-18 03:00:00;16.695;3.22318;9089.36;STOP
15;280;6;-1.187;-36.275;2004-07-18 04:00:00;17.185;2.93577;10568.8;STOP
15;281;6;-1.227;-36.264;2004-07-18 04:39:00;8.46502;1.9713;4612.84;STOP
15;282;6;-1.26;-36.26;2004-07-18 05:00:00;11.2157;2.93355;3696.28;STOP
15;283;6;-1.353;-36.267;2004-07-18 06:00:00;74.3856;2.88066;10370.4;STOP
15;284;6;-1.354;-36.272;2004-07-18 07:00:00;112.62;0.157454;566.833;STOP
15;285;6;-1.339;-36.269;2004-07-18 07:11:00;175.943;2.57718;1700.94;STOP
15;286;6;-1.394;-36.276;2004-07-18 07:44:00;17.8729;3.11365;6165.03;STOP
15;287;6;-1.41;-36.273;2004-07-18 08:00:00;13.2622;1.88552;1810.1;STOP
15;288;6;-1.475;-36.276;2004-07-18 08:45:00;4.06729;2.67976;7235.36;STOP
15;289;6;-1.492;-36.278;2004-07-18 09:00:00;11.3767;2.11482;1903.34;STOP
15;290;7;-1.541;-36.274;2004-07-18 09:27:00;9.95694;3.37448;5466.66;MOVE
15;291;7;-1.595;-36.279;2004-07-18 10:00:00;7.72673;3.04555;6030.19;MOVE
15;292;7;-1.642;-36.277;2004-07-18 10:33:00;10.4384;2.64186;5230.89;MOVE
15;293;7;-1.677;-36.269;2004-07-18 11:00:00;20.5711;2.46426;3992.11;MOVE
15;294;7;-1.714;-36.274;2004-07-18 11:29:00;20.2249;2.38596;4151.58;MOVE
15;295;8;-1.732;-36.27;2004-07-18 12:00:00;177.099;1.10231;2050.29;STOP
15;296;8;-1.62;-36.289;2004-07-18 13:00:00;1.20119;3.50878;12631.6;STOP
15;297;8;-1.593;-36.293;2004-07-18 13:13:00;59.8779;3.89103;3035.01;STOP
15;298;8;-1.556;-36.386;2004-07-18 14:00:00;78.6712;3.94534;11125.9;STOP
15;299;8;-1.656;-36.451;2004-07-18 15:00:00;27.2415;3.68348;13260.5;STOP
15;300;8;-1.735;-36.459;2004-07-18 15:40:00;0.34206;3.67887;8829.29;STOP
15;301;8;-1.777;-36.463;2004-07-18 16:00:00;0.366395;3.90942;4691.3;STOP
15;302;8;-1.895;-36.475;2004-07-18 17:00:00;3.1659;3.6635;13188.6;STOP
15;303;8;-1.933;-36.481;2004-07-18 17:18:00;3.33208;3.96083;4277.7;STOP
15;304;8;-2.014;-36.489;2004-07-18 18:00:00;1.95409;3.59149;9050.56;STOP
15;305;8;-2.044;-36.493;2004-07-18 18:15:00;1.0579;3.73926;3365.33;STOP
15;306;8;-2.136;-36.507;2004-07-18 19:00:00;28.7888;3.83242;10347.5;STOP
15;307;8;-2.166;-36.496;2004-07-18 19:54:00;131.563;1.09652;3552.72;STOP
15;308;8;-2.114;-36.468;2004-07-18 20:22:00;17.4152;3.90837;6566.06;STOP
15;309;8;-2.036;-36.453;2004-07-18 21:00:00;1.00313;3.87365;8831.92;STOP
15;310;8;-1.979;-36.441;2004-07-18 21:28:00;0.578726;3.85528;6476.88;STOP
15;311;8;-1.919;-36.429;2004-07-18 21:56:00;11.8258;4.0498;6803.67;STOP
15;312;8;-1.809;-36.382;2004-07-18 23:00:00;13.7342;3.46356;13300.1;STOP
15;313;8;-1.793;-36.37;2004-07-18 23:12:00;2.98294;3.0882;2223.5;STOP
15;314;8;-1.726;-36.325;2004-07-19 00:08:00;16.2945;2.67058;8973.16;STOP
15;315;8;-1.685;-36.312;2004-07-19 01:00:00;19.883;1.53285;4782.48;STOP
15;316;8;-1.635;-36.314;2004-07-19 01:48:00;25.4679;1.93201;5564.19;STOP
15;317;8;-1.616;-36.324;2004-07-19 02:00:00;34.8916;3.31562;2387.25;STOP
15;318;8;-1.571;-36.411;2004-07-19 03:00:00;63.941;3.02447;10888.1;STOP
15;319;8;-1.62;-36.477;2004-07-19 04:00:00;36.2104;2.53835;9138.05;STOP
15;320;8;-1.662;-36.49;2004-07-19 04:28:00;2.72825;2.90989;4888.61;STOP
15;321;8;-1.693;-36.498;2004-07-19 05:00:00;6.10441;1.8541;3559.88;STOP
15;322;8;-1.761;-36.508;2004-07-19 06:00:00;4.48736;2.12292;7642.51;STOP
15;323;8;-1.82;-36.512;2004-07-19 06:44:00;14.5564;2.49074;6575.55;STOP
15;324;8;-1.844;-36.52;2004-07-19 07:00:00;7.12502;2.93009;2812.89;STOP
15;325;8;-1.869;-36.525;2004-07-19 07:17:00;7.98011;2.77928;2834.87;STOP
15;326;8;-1.889;-36.532;2004-07-19 08:00:00;7.40139;0.913194;2356.04;STOP
15;327;8;-1.927;-36.54;2004-07-19 08:28:00;8.8369;2.5702;4317.93;STOP
15;328;8;-1.964;-36.554;2004-07-19 08:51:00;0.742452;3.18736;4398.56;STOP
15;329;8;-2.052;-36.586;2004-07-19 10:00:00;2.88038;2.5148;10411.3;STOP
15;330;8;-2.065;-36.59;2004-07-19 10:16:00;22.0709;1.57534;1512.33;STOP
15;331;8;-2.092;-36.612;2004-07-19 10:35:00;9.10507;3.39623;3871.7;STOP
15;332;8;-2.13;-36.634;2004-07-19 11:00:00;72.4602;3.25442;4881.63;STOP
15;333;8;-2.118;-36.688;2004-07-19 12:00:00;88.0909;1.70749;6146.97;STOP
15;334;8;-2.038;-36.673;2004-07-19 12:38:00;2.95078;3.96948;9050.41;STOP
15;335;8;-2.009;-36.666;2004-07-19 12:52:00;31.8141;3.94899;3317.15;STOP
15;336;8;-1.935;-36.591;2004-07-19 14:00:00;16.7914;2.87062;11712.1;STOP
15;337;8;-1.916;-36.555;2004-07-19 14:22:00;0.907542;3.42752;4524.33;STOP
15;338;8;-1.883;-36.49;2004-07-19 15:00:00;2.5109;3.55362;8102.26;STOP
15;339;8;-1.861;-36.451;2004-07-19 15:25:00;29.4275;3.31799;4976.98;STOP
15;340;8;-1.861;-36.444;2004-07-19 15:28:00;27.8476;4.32197;777.954;STOP
15;341;8;-1.833;-36.391;2004-07-19 16:00:00;0.605837;3.47005;6662.5;STOP
15;342;8;-1.781;-36.29;2004-07-19 17:00:00;0.516799;3.50744;12626.8;STOP
15;343;8;-1.771;-36.271;2004-07-19 17:12:00;1.91415;3.31466;2386.56;STOP
15;344;8;-1.74;-36.207;2004-07-19 17:50:00;33.1788;3.46682;7904.35;STOP
15;345;8;-1.753;-36.106;2004-07-19 19:00:00;109.678;2.6948;11318.2;STOP
15;346;8;-1.804;-36.132;2004-07-19 19:29:00;0.884606;3.65789;6364.73;STOP
15;347;8;-1.855;-36.159;2004-07-19 19:58:00;37.1399;3.68731;6415.92;STOP
15;348;8;-1.909;-36.275;2004-07-19 21:00:00;10.9265;3.82296;14221.4;STOP
15;349;8;-1.916;-36.303;2004-07-19 21:13:00;2.663;4.1123;3207.6;STOP
15;350;8;-1.931;-36.353;2004-07-19 21:36:00;6.49935;4.20402;5801.54;STOP
15;351;8;-1.952;-36.402;2004-07-19 22:00:00;1.94808;4.11456;5924.97;STOP
15;352;8;-2.001;-36.528;2004-07-19 23:00:00;8.35676;4.1736;15024.9;STOP
15;353;8;-2.02;-36.611;2004-07-19 23:39:00;37.5706;4.04375;9462.37;STOP
25;0;1;-5.77;-35.204;2004-06-07 19:00:00;0;0;0;MOVE
25;1;1;-5.77;-35.204;2004-06-07 19:41:00;0;0;0;MOVE
25;2;1;-5.77;-35.204;2004-06-07 20:05:00;0;0;0;MOVE
25;3;1;-5.77;-35.204;2004-06-07 21:00:00;0;0;0;MOVE
25;4;1;-5.77;-35.204;2004-06-07 21:29:00;0;0;0;MOVE
25;5;1;-5.77;-35.204;2004-06-07 22:00:00;0;0;0;MOVE
25;6;1;-5.77;-35.204;2004-06-07 23:00:00;0;0;0;MOVE
25;7;1;-5.77;-35.204;2004-06-07 23:32:00;0;0;0;MOVE
25;8;1;-5.77;-35.204;2004-06-08 00:00:00;0;0;0;MOVE
25;9;1;-5.77;-35.204;2004-06-08 00:38:00;0;0;0;MOVE
25;10;1;-5.77;-35.204;2004-06-08 01:00:00;63.87;0;0;MOVE
25;11;1;-5.744;-35.151;2004-06-08 02:00:00;20.29;1.82;6537.6;MOVE
25;12;1;-5.735;-35.063;2004-06-08 03:00:00;7.4;2.72;9787.4;MOVE
25;13;1;-5.715;-34.978;2004-06-08 04:00:00;39.54;2.68;9663.8;MOVE
25;14;1;-5.636;-34.918;2004-06-08 05:00:00;42.79;3.06;11011;MOVE
25;15;1;-5.595;-34.922;2004-06-08 05:16:00;3.98;4.77;4580.43;MOVE
25;16;1;-5.559;-34.923;2004-06-08 05:30:00;2.12;4.77;4004.55;MOVE
25;17;1;-5.482;-34.928;2004-06-08 06:00:00;0.05;4.77;8579.87;MOVE
25;18;1;-5.33;-34.938;2004-06-08 07:00:00;0.3;4.7;16937.8;MOVE
25;19;1;-5.175;-34.949;2004-06-08 08:00:00;1.85;4.8;17278.2;MOVE
25;20;1;-5.088;-34.958;2004-06-08 08:35:00;1.44;4.63;9725.17;MOVE
25;21;1;-5.024;-34.963;2004-06-08 09:00:00;10.37;4.76;7137.99;MOVE
25;22;1;-4.873;-35.003;2004-06-08 10:00:00;4.34;4.82;17365.3;MOVE
25;23;1;-4.804;-35.027;2004-06-08 10:28:00;1.62;4.83;8120.2;MOVE
25;24;1;-4.725;-35.052;2004-06-08 11:00:00;9.59;4.8;9210.87;MOVE
25;25;1;-4.647;-35.092;2004-06-08 11:34:00;0.53;4.77;9740.4;MOVE
25;26;1;-4.586;-35.124;2004-06-08 12:00:00;0.46;4.91;7654.19;MOVE
25;27;1;-4.448;-35.195;2004-06-08 13:00:00;2.67;4.79;17245.5;MOVE
25;28;1;-4.408;-35.218;2004-06-08 13:18:00;3.1;4.75;5126.85;MOVE
25;29;1;-4.311;-35.267;2004-06-08 14:00:00;0.72;4.79;12076.9;MOVE
25;30;1;-4.168;-35.337;2004-06-08 15:00:00;0.67;4.92;17694.4;MOVE
25;31;1;-4.027;-35.404;2004-06-08 16:00:00;0.87;4.82;17350.4;MOVE
25;32;1;-3.944;-35.445;2004-06-08 16:36:00;1.45;4.76;10288.9;MOVE
25;33;1;-3.89;-35.47;2004-06-08 17:00:00;1;4.59;6614.07;MOVE
25;34;1;-3.762;-35.532;2004-06-08 17:57:00;0.16;4.62;15808;MOVE
25;35;1;-3.721;-35.552;2004-06-08 18:16:00;0.34;4.45;5070.41;MOVE
25;36;1;-3.619;-35.601;2004-06-08 19:00:00;0.14;4.76;12577.9;MOVE
25;37;1;-3.559;-35.63;2004-06-08 19:27:00;2.81;4.57;7407.37;MOVE
25;38;1;-3.526;-35.644;2004-06-08 19:41:00;2.03;4.74;3984.83;MOVE
25;39;1;-3.481;-35.665;2004-06-08 20:00:00;0.93;4.84;5519.97;MOVE
25;40;1;-3.333;-35.737;2004-06-08 21:05:00;0.63;4.69;18294.8;MOVE
25;41;1;-3.259;-35.772;2004-06-08 21:38:00;0.33;4.6;9099.63;MOVE
25;42;1;-3.209;-35.796;2004-06-08 22:00:00;0.24;4.67;6165.22;MOVE
25;43;1;-3.075;-35.861;2004-06-08 23:00:00;0.18;4.6;16555.8;MOVE
25;44;1;-2.942;-35.925;2004-06-09 00:00:00;1.36;4.56;16407.8;MOVE
25;45;1;-2.9;-35.944;2004-06-09 00:19:00;0.32;4.5;5124.7;MOVE
25;46;1;-2.808;-35.985;2004-06-09 01:00:00;0.27;4.55;11197.5;MOVE
25;47;1;-2.683;-36.04;2004-06-09 01:58:00;0.55;4.36;15182.5;MOVE
25;48;1;-2.543;-36.1;2004-06-09 03:00:00;0.58;4.55;16934;MOVE
25;49;1;-2.471;-36.13;2004-06-09 03:32:00;0.13;4.52;8671.98;MOVE
25;50;1;-2.409;-36.156;2004-06-09 04:00:00;0.52;4.45;7474.73;MOVE
25;51;1;-2.272;-36.212;2004-06-09 05:00:00;2.39;4.57;16455.3;MOVE
25;52;1;-2.248;-36.223;2004-06-09 05:11:00;2.91;4.45;2935.23;MOVE
25;53;1;-2.14;-36.266;2004-06-09 06:00:00;1.78;4.4;12924.6;MOVE
25;54;1;-2.049;-36.299;2004-06-09 06:40:00;0.76;4.48;10762.7;MOVE
25;55;1;-2.004;-36.316;2004-06-09 07:00:00;0.56;4.46;5348.51;MOVE
25;56;1;-1.878;-36.365;2004-06-09 07:56:00;2.82;4.47;15031.6;MOVE
25;57;1;-1.784;-36.407;2004-06-09 08:38:00;0.88;4.54;11447.2;MOVE
25;58;1;-1.735;-36.428;2004-06-09 09:00:00;2.64;4.49;5927.41;MOVE
25;59;1;-1.64;-36.474;2004-06-09 09:44:00;1.87;4.45;11735.8;MOVE
25;60;1;-1.604;-36.49;2004-06-09 10:00:00;3.51;4.56;4380.28;MOVE
25;61;1;-1.579;-36.503;2004-06-09 10:12:00;2.46;4.35;3132.99;MOVE
25;62;1;-1.474;-36.552;2004-06-09 11:00:00;0.96;4.47;12883.4;MOVE
25;63;1;-1.435;-36.571;2004-06-09 11:18:00;0.41;4.47;4823.56;MOVE
25;64;1;-1.343;-36.615;2004-06-09 12:00:00;0.55;4.5;11339.1;MOVE
25;65;1;-1.241;-36.665;2004-06-09 12:47:00;0.25;4.48;12630.7;MOVE
25;66;1;-1.208;-36.681;2004-06-09 13:01:00;0.17;4.85;4077.81;MOVE
25;67;1;-1.077;-36.745;2004-06-09 14:00:00;1.02;4.58;16211.3;MOVE
25;68;1;-0.987;-36.787;2004-06-09 14:40:00;1.04;4.6;11043.3;MOVE
25;69;1;-0.942;-36.809;2004-06-09 15:00:00;0.51;4.64;5569.59;MOVE
25;70;1;-0.806;-36.874;2004-06-09 16:00:00;0.13;4.66;16760.6;MOVE
25;71;1;-0.754;-36.899;2004-06-09 16:24:00;0.34;4.46;6415.56;MOVE
25;72;1;-0.67;-36.94;2004-06-09 17:00:00;0.87;4.81;10393.5;MOVE
25;73;1;-0.53;-37.011;2004-06-09 18:00:00;0.61;4.85;17454.6;MOVE
25;74;1;-0.368;-37.091;2004-06-09 19:09:00;0.49;4.85;20090.2;MOVE
25;75;1;-0.255;-37.148;2004-06-09 20:00:00;0.44;4.6;14073;MOVE
25;76;1;-0.158;-37.196;2004-06-09 20:43:00;0.35;4.66;12034.2;MOVE
25;77;1;-0.119;-37.215;2004-06-09 21:00:00;1.74;4.73;4823.86;MOVE
25;78;1;-0.06;-37.246;2004-06-09 21:26:00;0.58;4.75;7410.95;MOVE
25;79;1;0.02;-37.287;2004-06-09 22:00:00;1.63;4.9;9995.8;MOVE
25;80;1;0.071;-37.315;2004-06-09 22:23:00;1.97;4.69;6469.4;MOVE
25;81;1;0.168;-37.364;2004-06-09 23:05:00;0.66;4.8;12084;MOVE
25;82;1;0.27;-37.417;2004-06-09 23:52:00;0.03;4.53;12781.6;MOVE
25;83;1;0.418;-37.494;2004-06-10 01:00:00;0.23;4.55;18550.8;MOVE
25;84;1;0.484;-37.528;2004-06-10 01:31:00;0.39;4.44;8255.37;MOVE
25;85;1;0.547;-37.561;2004-06-10 02:00:00;1.42;4.54;7908.07;MOVE
25;86;1;0.681;-37.627;2004-06-10 03:00:00;1.42;4.61;16609.2;MOVE
25;87;1;0.723;-37.649;2004-06-10 03:20:00;1.82;4.39;5272.01;MOVE
25;88;1;0.816;-37.694;2004-06-10 04:00:00;1.54;4.79;11487.9;MOVE
25;89;1;0.949;-37.754;2004-06-10 04:59:00;1.48;4.58;16223.8;MOVE
25;90;1;1.087;-37.812;2004-06-10 06:00:00;1.07;4.55;16644.7;MOVE
25;91;1;1.225;-37.867;2004-06-10 07:00:00;1.79;4.59;16518.3;MOVE
25;92;1;1.338;-37.908;2004-06-10 07:49:00;1.51;4.55;13366.2;MOVE
25;93;1;1.365;-37.917;2004-06-10 08:00:00;0.63;4.79;3164.58;MOVE
25;94;1;1.502;-37.961;2004-06-10 09:00:00;1.73;4.44;15999.6;MOVE
25;95;1;1.533;-37.972;2004-06-10 09:13:00;18.52;4.69;3657.48;MOVE
25;96;1;1.646;-37.974;2004-06-10 10:00:00;8.09;4.46;12567;MOVE
25;97;1;1.791;-37.956;2004-06-10 11:00:00;0.62;4.51;16246.9;MOVE
25;98;1;1.939;-37.936;2004-06-10 12:00:00;2.42;4.61;16606.3;MOVE
25;99;1;2.004;-37.93;2004-06-10 12:27:00;1.6;4.48;7258.36;MOVE
25;100;1;2.087;-37.92;2004-06-10 13:00:00;0.58;4.69;9295.84;MOVE
25;101;1;2.24;-37.9;2004-06-10 14:00:00;1.11;4.77;17157.4;MOVE
25;102;1;2.267;-37.897;2004-06-10 14:11:00;1.51;4.58;3020.71;MOVE
25;103;1;2.325;-37.889;2004-06-10 14:34:00;0.89;4.72;6510.27;MOVE
25;104;1;2.39;-37.879;2004-06-10 15:00:00;0.09;4.69;7312.56;MOVE
25;105;2;2.538;-37.856;2004-06-10 16:00:00;1.92;4.63;16654;STOP
25;106;2;2.571;-37.852;2004-06-10 16:13:00;2.28;4.74;3696.24;STOP
25;107;2;2.682;-37.843;2004-06-10 17:00:00;31.79;4.39;12383.1;STOP
25;108;2;2.799;-37.903;2004-06-10 17:52:00;4.46;4.69;14617.3;STOP
25;109;2;2.942;-37.991;2004-06-10 19:00:00;0.64;4.57;18664.1;STOP
25;110;2;3.067;-38.066;2004-06-10 20:00:00;0.24;4.5;16203.4;STOP
25;111;2;3.136;-38.107;2004-06-10 20:33:00;3.04;4.51;8921.33;STOP
25;112;2;3.197;-38.139;2004-06-10 21:00:00;2.46;4.73;7657.02;STOP
25;113;2;3.228;-38.157;2004-06-10 21:15:00;1.03;4.43;3984.41;STOP
25;114;2;3.316;-38.206;2004-06-10 21:57:00;1.42;4.44;11195.5;STOP
25;115;2;3.433;-38.275;2004-06-10 22:54:00;59.47;4.41;15096.9;STOP
25;116;2;3.433;-38.319;2004-06-10 23:32:00;26.57;2.14;4883.8;STOP
35;1461;16;3.505;-37.225;2004-07-19 00:00:00;5.76;4.52;15459.5;STOP
35;1462;16;3.501;-37.249;2004-07-19 00:13:00;9.46;3.46;2700.57;STOP
35;1463;16;3.501;-37.273;2004-07-19 01:00:00;137.73;0.94;2663.7;STOP
35;1464;16;3.511;-37.262;2004-07-19 01:53:00;81.42;0.52;1651.34;STOP
35;1465;16;3.523;-37.27;2004-07-19 03:00:00;12.65;0.4;1602.75;STOP
35;1466;16;3.536;-37.275;2004-07-19 04:00:00;5.53;0.43;1548.39;STOP
35;1467;16;3.54;-37.277;2004-07-19 04:15:00;0;0.55;497.09;STOP
35;1468;16;3.542;-37.278;2004-07-19 04:29:00;12.53;0.3;248.54;STOP
35;1469;16;3.55;-37.28;2004-07-19 05:00:00;9.16;0.49;916.83;STOP
35;1470;16;3.564;-37.286;2004-07-19 06:00:00;134.79;0.47;1693.16;STOP
35;1471;16;3.545;-37.238;2004-07-19 07:00:00;7.22;1.59;5730.74;STOP
35;1472;16;3.534;-37.218;2004-07-19 07:13:00;14.77;3.25;2534.36;STOP
35;1473;16;3.528;-37.194;2004-07-19 08:00:00;46.66;0.97;2745.9;STOP
35;1474;16;3.544;-37.169;2004-07-19 08:28:00;12.9;1.96;3295.99;STOP
35;1475;16;3.563;-37.116;2004-07-19 09:01:00;5.01;3.16;6249.92;STOP
35;1476;16;3.589;-37.017;2004-07-19 10:00:00;5.55;3.21;11360.9;STOP
35;1477;16;3.594;-36.986;2004-07-19 10:17:00;2.61;3.42;3484.91;STOP
35;1478;16;3.599;-36.962;2004-07-19 10:36:00;10.64;2.39;2720.83;STOP
35;1479;16;3.6;-36.911;2004-07-19 11:00:00;10.53;3.93;5660.85;STOP
35;1480;16;3.62;-36.814;2004-07-19 12:00:00;2.79;3.05;10991.8;STOP
35;1481;16;3.632;-36.737;2004-07-19 12:48:00;4.14;3;8648.42;STOP
35;1482;16;3.638;-36.711;2004-07-19 13:00:00;4.07;4.11;2961.38;STOP
35;1483;16;3.669;-36.61;2004-07-19 14:00:00;25.94;3.26;11726;STOP
35;1484;16;3.664;-36.578;2004-07-19 14:26:00;6.87;2.3;3594.22;STOP
35;1485;16;3.662;-36.521;2004-07-19 15:00:00;13.01;3.1;6329.07;STOP
35;1486;16;3.651;-36.48;2004-07-19 15:32:00;15.02;2.45;4711.26;STOP
35;1487;17;3.651;-36.453;2004-07-19 16:00:00;7.48;1.78;2996.17;MOVE
35;1488;17;3.638;-36.354;2004-07-19 17:00:00;0.28;3.08;11080.7;MOVE
35;1489;17;3.635;-36.332;2004-07-19 17:12:00;103.09;3.42;2464.05;MOVE
35;1490;18;3.614;-36.34;2004-07-19 17:50:00;60.86;1.1;2498.16;STOP
35;1491;18;3.591;-36.498;2004-07-19 19:00:00;1.32;4.22;17719.6;STOP
35;1492;18;3.58;-36.563;2004-07-19 19:28:00;1.72;4.36;7316.49;STOP
35;1493;18;3.571;-36.628;2004-07-19 19:57:00;20.93;4.19;7282.69;STOP
35;1494;18;3.505;-36.748;2004-07-19 21:00:00;17.04;4.02;15206.2;STOP
35;1495;18;3.471;-36.781;2004-07-19 21:21:00;44.14;4.18;5263.84;STOP
35;1496;18;3.43;-36.781;2004-07-19 21:40:00;3.99;4;4558.99;STOP
35;1497;18;3.387;-36.778;2004-07-19 22:00:00;1.75;3.99;4792.96;STOP
35;1498;18;3.259;-36.773;2004-07-19 23:00:00;1.05;3.96;14243.8;STOP
35;1499;18;3.172;-36.768;2004-07-19 23:42:00;12.66;3.85;9689.87;STOP
35;1500;18;3.165;-36.766;2004-07-20 00:00:00;153.27;0.75;809.42;STOP
35;1501;18;3.186;-36.762;2004-07-20 01:00:00;3.25;0.66;2376.95;STOP
35;1502;18;3.19;-36.761;2004-07-20 01:21:00;8.33;0.36;458.43;STOP
35;1503;18;3.2;-36.76;2004-07-20 02:00:00;14.46;0.48;1117.48;STOP
35;1504;18;3.213;-36.762;2004-07-20 03:00:00;1.62;0.41;1462.49;STOP
35;1505;18;3.229;-36.764;2004-07-20 04:05:00;3.31;0.46;1792.92;STOP
35;1506;18;3.244;-36.765;2004-07-20 05:00:00;4.93;0.51;1671.61;STOP
35;1507;18;3.257;-36.767;2004-07-20 05:49:00;22.78;0.5;1462.49;STOP
35;1508;18;3.261;-36.766;2004-07-20 06:00:00;35.84;0.69;458.42;STOP
35;1509;18;3.266;-36.768;2004-07-20 06:22:00;165.47;0.45;598.67;STOP
35;1510;18;3.232;-36.743;2004-07-20 07:00:00;171.33;2.06;4689.99;STOP
35;1511;18;3.236;-36.747;2004-07-20 08:05:00;55.08;0.16;628.51;STOP
35;1512;18;3.281;-36.739;2004-07-20 08:38:00;4.39;2.57;5081.98;STOP
35;1513;18;3.312;-36.731;2004-07-20 09:00:00;20.99;2.7;3559.61;STOP
35;1514;18;3.452;-36.747;2004-07-20 10:08:00;28.13;3.84;15668.3;STOP
35;1515;18;3.553;-36.707;2004-07-20 11:00:00;23.39;3.87;12076.3;STOP
35;1516;18;3.604;-36.656;2004-07-20 11:37:00;5.44;3.61;8012.11;STOP
35;1517;18;3.623;-36.633;2004-07-20 12:00:00;8.98;2.4;3313.35;STOP
35;1518;18;3.636;-36.611;2004-07-20 12:15:00;6.14;3.15;2837.24;STOP
35;1519;18;3.671;-36.534;2004-07-20 13:00:00;12.5;3.48;9389.18;STOP
35;1520;18;3.693;-36.43;2004-07-20 13:59:00;7.82;3.33;11796.8;STOP
35;1521;18;3.73;-36.327;2004-07-20 15:00:00;4.39;3.32;12147;STOP
35;1522;18;3.743;-36.298;2004-07-20 15:19:00;8.13;3.09;3527.58;STOP
35;1523;18;3.779;-36.241;2004-07-20 16:00:00;82.47;3.04;7484.85;STOP
35;1524;18;3.907;-36.3;2004-07-20 16:58:00;0.24;4.5;15666;STOP
35;1525;18;4.043;-36.362;2004-07-20 18:00:00;0.99;4.47;16613;STOP
35;1526;18;4.173;-36.424;2004-07-20 19:00:00;3.11;4.45;16007.5;STOP
35;1527;18;4.195;-36.436;2004-07-20 19:11:00;3.38;4.22;2784.84;STOP
35;1528;18;4.299;-36.485;2004-07-20 20:00:00;0.96;4.35;12777.2;STOP
35;1529;18;4.421;-36.545;2004-07-20 21:00:00;1.22;4.2;15109.1;STOP
35;1530;18;4.448;-36.559;2004-07-20 21:14:00;0.38;4.02;3379.72;STOP
35;1531;18;4.541;-36.608;2004-07-20 22:00:00;0.36;4.23;11680.9;STOP
35;1532;18;4.62;-36.649;2004-07-20 22:39:00;0.86;4.23;9890.27;STOP
35;1533;18;4.666;-36.672;2004-07-20 23:00:00;0.99;4.54;5714.96;STOP
35;1534;18;4.712;-36.696;2004-07-20 23:21:00;1.72;4.58;5765.17;STOP
35;1535;18;4.778;-36.733;2004-07-21 00:00:00;171.51;3.59;8406.54;STOP
35;1536;18;4.641;-36.681;2004-07-21 01:05:00;13.54;4.18;16287.2;STOP
35;1537;18;4.537;-36.61;2004-07-21 02:00:00;2.8;4.24;13987.9;STOP
35;1538;18;4.426;-36.526;2004-07-21 03:00:00;3.8;4.29;15461.3;STOP
35;1539;18;4.318;-36.455;2004-07-21 03:55:00;4.01;4.35;14359.1;STOP
35;1540;18;4.2;-36.365;2004-07-21 05:00:00;10.77;4.23;16485.1;STOP
35;1541;18;4.139;-36.297;2004-07-21 05:39:00;1.94;4.33;10142.9;STOP
35;1542;18;4.108;-36.26;2004-07-21 06:00:00;86.81;4.25;5359.23;STOP
35;1543;18;4.124;-36.245;2004-07-21 07:00:00;17.1;0.68;2435.75;STOP
35;1544;18;4.128;-36.238;2004-07-21 07:41:00;93.18;0.36;894.73;STOP
35;1545;18;4.126;-36.237;2004-07-21 08:05:00;158.96;0.17;248.51;STOP
35;1546;18;4.188;-36.243;2004-07-21 09:00:00;12.27;2.1;6926.12;STOP
35;1547;18;4.269;-36.269;2004-07-21 09:49:00;27.2;3.22;9457.01;STOP
35;1548;18;4.283;-36.283;2004-07-21 10:00:00;14.22;3.33;2198.49;STOP
35;1549;18;4.377;-36.339;2004-07-21 11:00:00;17.46;3.38;12157.5;STOP
35;1550;18;4.453;-36.357;2004-07-21 11:52:00;6.19;2.78;8683.23;STOP
35;1551;18;4.532;-36.385;2004-07-21 13:00:00;11.1;2.28;9316.64;STOP
35;1552;18;4.581;-36.414;2004-07-21 13:40:00;8.82;2.64;6326.09;STOP
35;1553;18;4.616;-36.428;2004-07-21 14:00:00;6.02;3.49;4189.76;STOP
35;1554;18;4.724;-36.485;2004-07-21 15:05:00;9.31;3.48;13569.2;STOP
35;1555;18;4.794;-36.538;2004-07-21 16:00:00;11.68;2.95;9750.76;STOP
35;1556;18;4.815;-36.562;2004-07-21 16:49:00;1.38;1.2;3539;STOP
35;1557;18;4.825;-36.574;2004-07-21 17:00:00;46.95;2.63;1733.3;STOP
35;1558;18;4.966;-36.582;2004-07-21 18:00:00;1.24;4.36;15703.5;STOP
35;1559;18;5.023;-36.584;2004-07-21 18:23:00;2.01;4.6;6341.98;STOP
35;1560;18;5.07;-36.584;2004-07-21 18:42:00;1.19;4.58;5226.16;STOP
35;1561;18;5.118;-36.583;2004-07-21 19:00:00;1.19;4.94;5338.51;STOP
35;1562;18;5.143;-36.583;2004-07-21 19:10:00;0.91;4.63;2779.87;STOP
35;1563;18;5.269;-36.585;2004-07-21 20:00:00;1.34;4.67;14012.3;STOP
35;1564;18;5.32;-36.587;2004-07-21 20:21:00;0.9;4.5;5675.26;STOP
35;1565;18;5.405;-36.589;2004-07-21 20:54:00;0.31;4.77;9454.16;STOP
35;1566;18;5.571;-36.592;2004-07-21 22:00:00;2.06;4.66;18461.3;STOP
35;1567;18;5.645;-36.596;2004-07-21 22:29:00;1.78;4.74;8240.32;STOP
35;1568;18;5.732;-36.598;2004-07-21 23:02:00;2.97;4.89;9676.49;STOP
35;1569;18;5.836;-36.595;2004-07-22 00:00:00;55.88;3.32;11569;STOP
35;1570;18;5.843;-36.584;2004-07-22 00:36:00;7.33;0.67;1444.45;STOP
35;1571;18;5.848;-36.578;2004-07-22 01:00:00;1.62;0.6;865.8;STOP
35;1572;18;5.863;-36.561;2004-07-22 02:00:00;7.39;0.7;2513.58;STOP
35;1573;18;5.879;-36.547;2004-07-22 03:00:00;1.09;0.66;2358.67;STOP
35;1574;18;5.89;-36.537;2004-07-22 03:40:00;9.07;0.69;1649.1;STOP
35;1575;18;5.894;-36.532;2004-07-22 04:00:00;1.94;0.59;709.7;STOP
35;1576;18;5.906;-36.518;2004-07-22 05:00:00;4.4;0.57;2044.08;STOP
35;1577;18;5.91;-36.514;2004-07-22 05:20:00;11.31;0.52;627.35;STOP
35;1578;18;5.912;-36.511;2004-07-22 05:34:00;11.31;0.48;399.44;STOP
35;1579;18;5.918;-36.505;2004-07-22 06:00:00;161.57;0.6;941.01;STOP
35;1580;18;5.85;-36.539;2004-07-22 07:00:00;161.57;2.35;8444.85;STOP
35;1581;18;5.853;-36.536;2004-07-22 07:13:00;33.69;0.6;470.53;STOP
35;1582;18;5.854;-36.531;2004-07-22 07:46:00;11.31;0.28;564.14;STOP
35;1583;18;5.854;-36.528;2004-07-22 08:00:00;80.54;0.4;331.85;STOP
35;1584;18;5.794;-36.518;2004-07-22 08:57:00;19.06;1.98;6762.78;STOP
35;1585;18;5.748;-36.493;2004-07-22 09:25:00;15.99;3.46;5814.85;STOP
35;1586;18;5.685;-36.479;2004-07-22 10:00:00;6.48;3.42;7174.49;STOP
35;1587;18;5.595;-36.448;2004-07-22 11:00:00;3.1;2.94;10579.1;STOP
35;1588;18;5.563;-36.435;2004-07-22 11:19:00;0.72;3.37;3838.08;STOP
35;1589;18;5.544;-36.427;2004-07-22 11:33:00;4.09;2.73;2290.73;STOP
35;1590;18;5.488;-36.408;2004-07-22 12:00:00;2.39;4.06;6572.42;STOP
35;1591;18;5.413;-36.386;2004-07-22 13:00:00;1.73;2.41;8687.9;STOP
35;1592;18;5.39;-36.38;2004-07-22 13:16:00;1.05;2.75;2642.33;STOP
35;1593;18;5.308;-36.357;2004-07-22 14:00:00;6.21;3.59;9466.86;STOP
35;1594;18;5.224;-36.343;2004-07-22 15:00:00;0.55;2.63;9468.13;STOP
35;1595;18;5.139;-36.328;2004-07-22 16:00:00;100.01;2.67;9596.43;STOP
35;1596;18;5.139;-36.442;2004-07-22 17:00:00;1.72;3.51;12625.3;STOP
35;1597;18;5.135;-36.575;2004-07-22 18:00:00;3.85;4.09;14736.2;STOP
35;1598;18;5.131;-36.616;2004-07-22 18:18:00;1.17;4.22;4562.44;STOP
35;1599;18;5.124;-36.707;2004-07-22 19:00:00;0.5;4.01;10108.3;STOP
35;1600;18;5.115;-36.839;2004-07-22 20:00:00;1.07;4.07;14653.4;STOP
35;1601;18;5.111;-36.885;2004-07-22 20:21:00;0.68;4.06;5113.99;STOP
35;1602;18;5.102;-36.976;2004-07-22 21:00:00;1.88;4.33;10128.1;STOP
35;1603;18;5.081;-37.135;2004-07-22 22:09:00;0.34;4.29;17764.4;STOP
35;1604;18;5.066;-37.254;2004-07-22 23:00:00;1.7;4.34;13285.5;STOP
35;1605;18;5.051;-37.35;2004-07-23 00:00:00;172.31;2.99;10763.2;STOP
35;1606;18;5.052;-37.302;2004-07-23 00:20:00;3.02;4.43;5317.79;STOP
35;1607;18;5.059;-37.207;2004-07-23 01:00:00;1.33;4.4;10551.2;STOP
35;1608;18;5.066;-37.068;2004-07-23 01:59:00;3.55;4.35;15415.5;STOP
35;1609;18;5.082;-36.926;2004-07-23 03:00:00;1.3;4.32;15828.1;STOP
35;1610;18;5.089;-36.848;2004-07-23 03:33:00;1.89;4.38;8674.06;STOP
35;1611;18;5.097;-36.783;2004-07-23 04:00:00;4.14;4.48;7253.89;STOP
35;1612;18;5.125;-36.641;2004-07-23 05:00:00;1.23;4.45;16032.1;STOP
35;1613;18;5.134;-36.6;2004-07-23 05:17:00;0.33;4.56;4649.71;STOP
35;1614;18;5.157;-36.498;2004-07-23 06:00:00;9.27;4.49;11582.1;STOP
35;1615;18;5.18;-36.441;2004-07-23 07:00:00;23.03;1.89;6810.75;STOP
35;1616;18;5.182;-36.439;2004-07-23 07:19:00;63.43;0.28;313.86;STOP
35;1617;18;5.181;-36.436;2004-07-23 08:00:00;144.6;0.14;350.34;STOP
35;1618;18;5.163;-36.495;2004-07-23 09:00:00;10.12;1.9;6833.48;STOP
35;1619;18;5.16;-36.52;2004-07-23 09:18:00;5.16;2.58;2788.63;STOP
35;1620;18;5.159;-36.554;2004-07-23 10:00:00;8.27;1.49;3766.95;STOP
35;1621;18;5.149;-36.611;2004-07-23 10:38:00;1;2.81;6409.67;STOP
35;1622;18;5.143;-36.642;2004-07-23 11:00:00;34.05;2.65;3497.37;STOP
35;1623;18;5.141;-36.644;2004-07-23 11:01:00;34.7;5.23;313.87;STOP
35;1624;18;5.139;-36.655;2004-07-23 11:11:00;10.3;2.06;1238.36;STOP
35;1625;18;5.139;-36.656;2004-07-23 11:16:00;13.54;0.37;110.75;STOP
35;1626;18;5.126;-36.71;2004-07-23 12:00:00;2.55;2.33;6152.67;STOP
35;1627;18;5.111;-36.762;2004-07-23 12:45:00;3.2;2.22;5995.75;STOP
35;1628;18;5.104;-36.782;2004-07-23 13:00:00;7.98;2.61;2347.85;STOP
35;1629;18;5.091;-36.847;2004-07-23 14:00:00;5.87;2.04;7342.78;STOP
35;1630;18;5.087;-36.889;2004-07-23 14:29:00;2.07;2.69;4672.99;STOP
35;1631;18;5.084;-36.94;2004-07-23 15:00:00;4.06;3.04;5658.46;STOP
35;1632;18;5.075;-37.009;2004-07-23 16:00:00;12.95;2.14;7707.56;STOP
35;1633;18;5.062;-37.044;2004-07-23 16:27:00;8.16;2.55;4137.35;STOP
35;1634;18;5.031;-37.101;2004-07-23 17:00:00;39.19;3.63;7193.25;STOP
35;1635;18;5.05;-37.202;2004-07-23 18:01:00;162.17;3.11;11385;STOP
35;1636;18;5.068;-37.059;2004-07-23 19:00:00;1.42;4.51;15964.9;STOP
35;1637;18;5.081;-36.973;2004-07-23 19:35:00;1.46;4.59;9634.34;STOP
35;1638;18;5.092;-36.911;2004-07-23 20:00:00;0.35;4.65;6975.02;STOP
35;1639;18;5.118;-36.759;2004-07-23 21:00:00;0.24;4.74;17081;STOP
35;1640;18;5.138;-36.639;2004-07-23 21:48:00;0.84;4.68;13474.8;STOP
35;1641;18;5.144;-36.606;2004-07-23 22:00:00;0.72;5.16;3715.07;STOP
35;1642;18;5.17;-36.452;2004-07-23 23:00:00;1.01;4.81;17298;STOP
35;1643;18;5.192;-36.306;2004-07-23 23:59:00;56.99;4.62;16352.2;STOP
