tid;gid;sid;latitude;longitude;time;direction_inference;speed_inference_m_s;distance_inference_m;wind;label
1424;169402;1;21.5000000000000000;-70.0000000000000000;2008-09-25 00:00:00;50.19;0.00;0.00;30;STOP
1424;169403;1;22.0000000000000000;-69.4000000000000000;2008-09-25 06:00:00;10.06;3.85;83252.56;35;STOP
1424;169404;1;22.4000000000000000;-68.7000000000000000;2008-09-25 12:00:00;37.06;3.92;84686.64;40;STOP
1424;169405;1;23.1000000000000000;-68.4000000000000000;2008-09-25 18:00:00;0.76;3.87;83695.10;40;STOP
1424;169406;1;24.0000000000000000;-68.0000000000000000;2008-09-26 00:00:00;35.27;5.00;108062.55;45;STOP
1424;169407;1;25.0000000000000000;-68.2000000000000000;2008-09-26 06:00:00;10.49;5.23;113021.30;50;STOP
1424;169408;1;26.0000000000000000;-68.6000000000000000;2008-09-26 12:00:00;21.80;5.47;118219.61;50;STOP
1424;169409;1;26.9000000000000000;-68.6000000000000000;2008-09-26 18:00:00;0.00;4.63;100075.43;50;STOP
1424;169410;1;28.7000000000000000;-68.6000000000000000;2008-09-27 00:00:00;30.26;9.27;200150.87;55;STOP
1424;169411;1;29.9000000000000000;-69.3000000000000000;2008-09-27 06:00:00;21.51;6.93;149705.70;60;STOP
1424;169412;2;31.2000000000000000;-69.5000000000000000;2008-09-27 12:00:00;3.31;6.75;145816.49;65;MOVE
1424;169413;2;33.3000000000000000;-69.7000000000000000;2008-09-27 18:00:00;5.44;10.85;234265.39;70;MOVE
1424;169414;2;35.3000000000000000;-69.7000000000000000;2008-09-28 00:00:00;10.78;10.30;222389.85;70;MOVE
1424;169415;2;37.4000000000000000;-69.3000000000000000;2008-09-28 06:00:00;18.03;10.94;236240.40;70;MOVE
1424;169416;2;39.4000000000000000;-68.2000000000000000;2008-09-28 12:00:00;5.48;11.21;242163.19;75;MOVE
1424;169417;2;41.6000000000000000;-66.7000000000000000;2008-09-28 18:00:00;21.48;12.76;275540.21;70;MOVE
1424;169418;2;43.8000000000000000;-66.2000000000000000;2008-09-29 00:00:00;20.89;11.48;248016.18;65;MOVE
1424;169419;3;45.6000000000000000;-65.0000000000000000;2008-09-29 06:00:00;1.85;10.25;221478.71;50;STOP
1424;169420;3;47.7000000000000000;-63.5000000000000000;2008-09-29 12:00:00;25.41;12.04;260055.67;45;STOP
1424;169421;3;48.2000000000000000;-62.6000000000000000;2008-09-29 18:00:00;18.75;4.03;87084.45;40;STOP
1424;169422;3;48.4000000000000000;-61.5000000000000000;2008-09-30 00:00:00;32.11;3.91;84350.81;35;STOP
1424;169423;3;48.2000000000000000;-61.0000000000000000;2008-09-30 06:00:00;4.76;2.00;43156.23;30;STOP
1424;169424;3;48.1000000000000000;-60.8000000000000000;2008-09-30 12:00:00;0.00;0.86;18541.66;25;STOP
1425;169426;1;39.0000000000000000;-35.0000000000000000;2008-09-26 00:00:00;180.00;0.00;0.00;40;STOP
1425;169427;1;37.9000000000000000;-35.0000000000000000;2008-09-26 06:00:00;29.05;5.66;122314.42;45;STOP
1425;169428;1;37.0000000000000000;-35.5000000000000000;2008-09-26 12:00:00;15.95;5.06;109376.12;50;STOP
1425;169429;1;36.5000000000000000;-36.0000000000000000;2008-09-26 18:00:00;90.00;3.30;71242.79;55;STOP
1425;169430;1;37.0000000000000000;-36.5000000000000000;2008-09-27 00:00:00;15.26;3.30;71242.79;60;STOP
1425;169431;2;37.4000000000000000;-37.2000000000000000;2008-09-27 06:00:00;22.62;3.53;76302.77;65;MOVE
1425;169432;2;37.5000000000000000;-38.0000000000000000;2008-09-27 12:00:00;12.84;3.31;71490.53;70;MOVE
1425;169433;2;37.4000000000000000;-39.0000000000000000;2008-09-27 18:00:00;0.00;4.12;88973.03;70;MOVE
1425;169434;3;37.3000000000000000;-40.0000000000000000;2008-09-28 00:00:00;0.95;4.12;89089.98;60;STOP
1425;169435;3;37.2000000000000000;-41.2000000000000000;2008-09-28 06:00:00;3.98;4.94;106793.38;55;STOP
1425;169436;3;37.0000000000000000;-42.5000000000000000;2008-09-28 12:00:00;1.62;5.44;117417.69;50;STOP
1425;169437;3;36.8000000000000000;-44.1000000000000000;2008-09-28 18:00:00;3.55;6.67;143999.18;50;STOP
1425;169438;3;36.7000000000000000;-45.7000000000000000;2008-09-29 00:00:00;16.57;6.62;142983.89;50;STOP
1425;169439;3;37.0000000000000000;-47.0000000000000000;2008-09-29 06:00:00;2.95;5.57;120385.65;50;STOP
1425;169440;3;37.2000000000000000;-47.7000000000000000;2008-09-29 12:00:00;34.25;3.05;65943.97;50;STOP
1425;169441;3;37.8000000000000000;-48.2000000000000000;2008-09-29 18:00:00;19.25;3.70;79979.07;50;STOP
1425;169442;3;38.6000000000000000;-48.5000000000000000;2008-09-30 00:00:00;3.86;4.29;92738.09;50;STOP
1425;169443;3;39.6000000000000000;-48.8000000000000000;2008-09-30 06:00:00;10.99;5.29;114168.45;50;STOP
1425;169444;3;40.6000000000000000;-48.9000000000000000;2008-09-30 12:00:00;10.91;5.16;111519.73;50;STOP
1425;169445;3;41.7000000000000000;-48.8000000000000000;2008-09-30 18:00:00;17.43;5.68;122600.63;50;STOP
1425;169446;3;42.9000000000000000;-48.3000000000000000;2008-10-01 00:00:00;2.16;6.46;139625.84;45;STOP
1425;169447;3;44.2000000000000000;-47.7000000000000000;2008-10-01 06:00:00;3.30;7.06;152425.32;45;STOP
1425;169448;3;45.7000000000000000;-46.9000000000000000;2008-10-01 12:00:00;9.64;8.25;178275.77;40;STOP
1425;169449;3;47.5000000000000000;-46.3000000000000000;2008-10-01 18:00:00;9.90;9.51;205331.31;40;STOP
1425;169450;3;49.5000000000000000;-46.0000000000000000;2008-10-02 00:00:00;8.53;10.35;223485.11;35;STOP
1425;169451;3;51.5000000000000000;-46.0000000000000000;2008-10-02 06:00:00;0.00;10.30;222389.85;35;STOP
1425;169452;3;53.5000000000000000;-46.0000000000000000;2008-10-02 12:00:00;13.39;10.30;222389.85;40;STOP
1425;169453;3;55.6000000000000000;-45.5000000000000000;2008-10-02 18:00:00;35.69;10.91;235723.60;40;STOP
1425;169454;3;56.9000000000000000;-44.0000000000000000;2008-10-03 00:00:00;38.05;7.95;171695.33;50;STOP
1425;169455;4;57.0000000000000000;-42.0000000000000000;2008-10-03 06:00:00;2.86;5.64;121789.13;65;MOVE
1425;169456;5;57.0000000000000000;-40.0000000000000000;2008-10-03 12:00:00;0.00;5.61;121117.87;60;STOP
1425;169457;5;57.0000000000000000;-37.0000000000000000;2008-10-03 18:00:00;5.10;8.41;181668.69;55;STOP
1425;169458;5;56.5000000000000000;-31.4000000000000000;2008-10-04 00:00:00;0.19;16.01;345812.44;45;STOP
1425;169459;5;56.0000000000000000;-26.0000000000000000;2008-10-04 06:00:00;0.00;15.65;338102.59;40;STOP
1428;169487;1;15.4000000000000000;-69.0000000000000000;2008-10-13 06:00:00;108.43;0.00;0.00;25;STOP
1428;169488;1;15.2000000000000000;-69.6000000000000000;2008-10-13 12:00:00;45.00;3.15;68086.62;30;STOP
1428;169489;1;14.8000000000000000;-69.8000000000000000;2008-10-13 18:00:00;60.26;2.29;49393.62;30;STOP
1428;169490;1;14.5000000000000000;-69.6000000000000000;2008-10-14 00:00:00;22.62;1.84;39695.39;35;STOP
1428;169491;1;14.3000000000000000;-69.3000000000000000;2008-10-14 06:00:00;7.13;1.82;39224.19;40;STOP
1428;169492;1;14.2000000000000000;-69.1000000000000000;2008-10-14 12:00:00;18.43;1.12;24253.84;50;STOP
1428;169493;1;13.9000000000000000;-68.8000000000000000;2008-10-14 18:00:00;66.80;2.15;46475.68;60;STOP
1428;169494;2;14.1000000000000000;-68.3000000000000000;2008-10-15 00:00:00;23.20;2.70;58350.12;65;MOVE
1428;169495;2;14.4000000000000000;-68.0000000000000000;2008-10-15 06:00:00;5.19;2.15;46455.87;70;MOVE
1428;169496;2;14.9000000000000000;-67.4000000000000000;2008-10-15 12:00:00;1.93;3.94;85190.82;75;MOVE
1428;169497;2;15.6000000000000000;-66.5000000000000000;2008-10-15 18:00:00;2.36;5.74;124018.35;80;MOVE
1428;169498;2;16.7000000000000000;-65.2000000000000000;2008-10-16 00:00:00;8.85;8.57;185037.88;95;MOVE
1428;169499;2;18.2000000000000000;-63.9000000000000000;2008-10-16 06:00:00;11.21;10.02;216413.68;115;MOVE
1428;169500;2;19.6000000000000000;-62.1000000000000000;2008-10-16 12:00:00;3.55;11.35;245129.49;90;MOVE
1428;169501;2;21.1000000000000000;-60.4000000000000000;2008-10-16 18:00:00;5.31;11.27;243369.01;70;MOVE
1428;169502;2;22.8000000000000000;-58.8000000000000000;2008-10-17 00:00:00;6.80;11.62;250917.58;65;MOVE
1428;169503;2;25.1000000000000000;-57.1000000000000000;2008-10-17 06:00:00;9.90;14.29;308617.93;70;MOVE
1428;169504;2;27.9000000000000000;-55.7000000000000000;2008-10-17 12:00:00;4.01;15.79;341084.30;75;MOVE
1428;169505;2;30.1000000000000000;-54.4000000000000000;2008-10-17 18:00:00;14.42;12.75;275361.02;65;MOVE
1428;169506;3;31.3000000000000000;-53.2000000000000000;2008-10-18 00:00:00;0.00;8.15;175975.16;55;STOP
1428;169507;3;32.4000000000000000;-52.1000000000000000;2008-10-18 06:00:00;8.13;7.43;160482.93;50;STOP
1428;169508;3;33.0000000000000000;-51.3000000000000000;2008-10-18 12:00:00;4.86;4.64;100272.82;40;STOP
1428;169509;3;33.5000000000000000;-50.5000000000000000;2008-10-18 18:00:00;0.00;4.30;92872.13;35;STOP
1428;169510;3;34.0000000000000000;-49.7000000000000000;2008-10-19 00:00:00;3.53;4.28;92529.27;30;STOP
1428;169511;3;34.5000000000000000;-49.0000000000000000;2008-10-19 06:00:00;5.06;3.94;85032.24;30;STOP
1428;169512;3;35.1000000000000000;-48.3000000000000000;2008-10-19 12:00:00;3.73;4.28;92391.64;25;STOP
1428;169513;3;35.7000000000000000;-47.5000000000000000;2008-10-19 18:00:00;8.13;4.56;98533.09;25;STOP
1428;169514;3;36.4000000000000000;-46.8000000000000000;2008-10-20 00:00:00;0.00;4.63;100093.39;25;STOP
1428;169515;3;37.0000000000000000;-46.2000000000000000;2008-10-20 06:00:00;11.31;3.96;85512.98;25;STOP
1428;169516;3;37.6000000000000000;-45.3000000000000000;2008-10-20 12:00:00;16.99;4.81;103866.63;25;STOP
1428;169517;3;37.9000000000000000;-44.3000000000000000;2008-10-20 18:00:00;5.10;4.35;94035.68;25;STOP
1428;169518;3;38.3000000000000000;-43.3000000000000000;2008-10-21 00:00:00;0.00;4.54;98157.70;25;STOP
1429;169525;1;13.7000000000000000;-81.7000000000000000;2008-11-05 18:00:00;30.96;0.00;0.00;25;STOP
1429;169526;1;14.2000000000000000;-82.0000000000000000;2008-11-06 00:00:00;21.50;2.98;64336.50;30;STOP
1429;169527;1;14.8000000000000000;-82.1000000000000000;2008-11-06 06:00:00;18.92;3.13;67579.90;35;STOP
1429;169528;1;15.4000000000000000;-82.0000000000000000;2008-11-06 12:00:00;1.33;3.13;67575.17;40;STOP
1429;169529;1;16.1000000000000000;-81.9000000000000000;2008-11-06 18:00:00;0.00;3.64;78568.72;55;STOP
1429;169530;2;16.8000000000000000;-81.8000000000000000;2008-11-07 00:00:00;1.33;3.64;78563.60;65;MOVE
1429;169531;2;17.4000000000000000;-81.7000000000000000;2008-11-07 06:00:00;0.00;3.13;67558.15;65;MOVE
1429;169532;2;18.0000000000000000;-81.6000000000000000;2008-11-07 12:00:00;8.97;3.13;67552.68;75;MOVE
1429;169533;2;18.6000000000000000;-81.4000000000000000;2008-11-07 18:00:00;26.57;3.24;69978.27;80;MOVE
1429;169534;2;19.0000000000000000;-81.0000000000000000;2008-11-08 00:00:00;11.31;2.84;61246.34;100;MOVE
1429;169535;2;19.4000000000000000;-80.4000000000000000;2008-11-08 06:00:00;7.13;3.57;77123.34;110;MOVE
1429;169536;2;19.8000000000000000;-79.6000000000000000;2008-11-08 12:00:00;0.00;4.39;94873.32;125;MOVE
1429;169537;2;20.2000000000000000;-78.8000000000000000;2008-11-08 18:00:00;5.44;4.38;94687.55;125;MOVE
1429;169538;2;20.7000000000000000;-78.0000000000000000;2008-11-09 00:00:00;12.99;4.64;100190.70;90;MOVE
1429;169539;3;21.0000000000000000;-77.7000000000000000;2008-11-09 06:00:00;63.43;2.11;45657.46;55;STOP
1429;169540;3;21.3000000000000000;-77.8000000000000000;2008-11-09 12:00:00;0.00;1.62;34933.28;35;STOP
1429;169541;3;21.6000000000000000;-77.9000000000000000;2008-11-09 18:00:00;18.43;1.62;34927.01;25;STOP
1429;169542;3;21.8000000000000000;-77.9000000000000000;2008-11-10 00:00:00;18.43;1.03;22238.99;25;STOP
1429;169543;3;22.1000000000000000;-77.8000000000000000;2008-11-10 06:00:00;0.00;1.62;34916.40;25;STOP
1429;169544;3;22.4000000000000000;-77.7000000000000000;2008-11-10 12:00:00;26.57;1.62;34909.93;20;STOP
1429;169545;3;22.5000000000000000;-77.6000000000000000;2008-11-10 18:00:00;90.00;0.70;15141.18;20;STOP
1429;169546;3;22.4000000000000000;-77.5000000000000000;2008-11-11 00:00:00;63.43;0.70;15141.18;20;STOP
1429;169547;3;22.1000000000000000;-77.6000000000000000;2008-11-11 06:00:00;26.57;1.62;34909.93;20;STOP
1429;169548;3;21.8000000000000000;-77.9000000000000000;2008-11-11 12:00:00;6.34;2.11;45498.23;20;STOP
1429;169549;3;21.3000000000000000;-78.3000000000000000;2008-11-11 18:00:00;12.68;3.21;69299.66;20;STOP
1429;169550;3;20.9000000000000000;-78.8000000000000000;2008-11-12 00:00:00;32.32;3.16;68328.28;20;STOP
1429;169551;3;20.8000000000000000;-79.7000000000000000;2008-11-12 06:00:00;17.65;4.36;94180.62;20;STOP
1429;169552;3;21.0000000000000000;-80.7000000000000000;2008-11-12 12:00:00;10.49;4.92;106232.42;20;STOP
1429;169553;3;21.4000000000000000;-81.7000000000000000;2008-11-12 18:00:00;10.67;5.22;112807.77;20;STOP
1429;169554;3;22.1000000000000000;-82.8000000000000000;2008-11-13 00:00:00;2.52;6.38;137712.48;20;STOP
1429;169555;3;22.8000000000000000;-83.8000000000000000;2008-11-13 06:00:00;13.02;5.97;128916.63;20;STOP
1429;169556;3;23.8000000000000000;-84.7000000000000000;2008-11-13 12:00:00;8.30;6.68;144264.06;20;STOP
1429;169557;3;25.0000000000000000;-85.5000000000000000;2008-11-13 18:00:00;21.16;7.23;156099.13;20;STOP
1429;169558;3;26.8000000000000000;-85.9000000000000000;2008-11-14 00:00:00;20.66;9.45;204110.23;20;STOP
1429;169559;3;28.9000000000000000;-85.6000000000000000;2008-11-14 06:00:00;0.00;10.90;235364.34;20;STOP
1431;169591;1;11.8000000000000000;-32.0000000000000000;2009-08-15 06:00:00;102.99;0.00;0.00;30;STOP
1431;169592;1;11.5000000000000000;-33.3000000000000000;2009-08-15 12:00:00;1.04;6.73;145452.15;30;STOP
1431;169593;1;11.2000000000000000;-34.5000000000000000;2009-08-15 18:00:00;14.04;6.25;135010.15;35;STOP
1431;169594;1;11.2000000000000000;-35.5000000000000000;2009-08-16 00:00:00;16.70;5.05;109077.18;35;STOP
1431;169595;1;11.5000000000000000;-36.5000000000000000;2009-08-16 06:00:00;4.34;5.28;114009.54;40;STOP
1431;169596;1;12.0000000000000000;-37.8000000000000000;2009-08-16 12:00:00;0.48;7.04;152052.76;50;STOP
1431;169597;1;12.6000000000000000;-39.4000000000000000;2009-08-16 18:00:00;5.81;8.62;186190.57;55;STOP
1431;169598;1;13.1000000000000000;-41.3000000000000000;2009-08-17 00:00:00;2.85;9.88;213349.52;60;STOP
1431;169599;2;13.5000000000000000;-43.2000000000000000;2009-08-17 06:00:00;4.06;9.74;210358.81;65;MOVE
1431;169600;2;13.9000000000000000;-44.6000000000000000;2009-08-17 12:00:00;3.71;7.30;157647.78;75;MOVE
1431;169601;2;14.4000000000000000;-46.0000000000000000;2009-08-17 18:00:00;4.72;7.45;160862.15;80;MOVE
1431;169602;2;14.8000000000000000;-47.5000000000000000;2009-08-18 00:00:00;3.50;7.75;167422.02;85;MOVE
1431;169603;2;15.3000000000000000;-49.0000000000000000;2009-08-18 06:00:00;1.33;7.89;170395.88;90;MOVE
1431;169604;2;15.7000000000000000;-50.3000000000000000;2009-08-18 12:00:00;2.55;6.77;146224.23;95;MOVE
1431;169605;2;16.2000000000000000;-51.7000000000000000;2009-08-18 18:00:00;10.60;7.39;159671.08;100;MOVE
1431;169606;2;16.9000000000000000;-52.9000000000000000;2009-08-19 00:00:00;1.96;6.93;149726.88;105;MOVE
1431;169607;2;17.6000000000000000;-54.2000000000000000;2009-08-19 06:00:00;1.74;7.34;158481.29;115;MOVE
1431;169608;2;18.3000000000000000;-55.6000000000000000;2009-08-19 12:00:00;11.00;7.75;167303.23;115;MOVE
1431;169609;2;19.3000000000000000;-56.9000000000000000;2009-08-19 18:00:00;2.87;8.16;176321.15;115;MOVE
1431;169610;2;20.2000000000000000;-58.2000000000000000;2009-08-20 00:00:00;1.96;7.82;168890.88;115;MOVE
1431;169611;2;21.1000000000000000;-59.6000000000000000;2009-08-20 06:00:00;2.80;8.18;176732.71;115;MOVE
1431;169612;2;22.1000000000000000;-61.0000000000000000;2009-08-20 12:00:00;0.00;8.45;182519.44;105;MOVE
1431;169613;2;23.1000000000000000;-62.4000000000000000;2009-08-20 18:00:00;2.03;8.41;181709.82;110;MOVE
1431;169614;2;24.1000000000000000;-63.7000000000000000;2009-08-21 00:00:00;11.83;8.01;172945.17;110;MOVE
1431;169615;2;25.5000000000000000;-64.9000000000000000;2009-08-21 06:00:00;6.09;9.13;197243.06;105;MOVE
1431;169616;2;27.1000000000000000;-66.0000000000000000;2009-08-21 12:00:00;3.54;9.68;208985.74;100;MOVE
1431;169617;2;28.6000000000000000;-66.9000000000000000;2009-08-21 18:00:00;9.71;8.74;188807.50;95;MOVE
1431;169618;2;30.4000000000000000;-67.6000000000000000;2009-08-22 00:00:00;1.58;9.78;211303.23;90;MOVE
1431;169619;2;32.3000000000000000;-68.4000000000000000;2009-08-22 06:00:00;10.30;10.39;224511.21;90;MOVE
1431;169620;2;34.1000000000000000;-68.8000000000000000;2009-08-22 12:00:00;9.52;9.43;203581.08;85;MOVE
1431;169621;2;36.0000000000000000;-68.9000000000000000;2009-08-22 18:00:00;16.41;9.79;211466.33;80;MOVE
1431;169622;2;38.1000000000000000;-68.4000000000000000;2009-08-23 00:00:00;15.42;11.00;237686.70;80;MOVE
1431;169623;2;40.1000000000000000;-67.3000000000000000;2009-08-23 06:00:00;10.75;11.19;241794.40;75;MOVE
1431;169624;2;42.4000000000000000;-65.4000000000000000;2009-08-23 12:00:00;15.85;13.94;301040.88;70;MOVE
1431;169625;2;44.4000000000000000;-62.5000000000000000;2009-08-23 18:00:00;12.15;14.95;322994.40;65;MOVE
1431;169626;2;46.3000000000000000;-57.9000000000000000;2009-08-24 00:00:00;3.31;19.30;416854.94;65;MOVE
1431;169627;3;48.0000000000000000;-53.0000000000000000;2009-08-24 06:00:00;7.44;19.25;415868.83;60;STOP
1431;169628;3;49.2000000000000000;-47.2000000000000000;2009-08-24 12:00:00;4.09;20.68;446751.98;60;STOP
1431;169629;3;50.0000000000000000;-41.2000000000000000;2009-08-24 18:00:00;4.63;20.43;441331.24;60;STOP
1431;169630;3;50.3000000000000000;-35.4000000000000000;2009-08-25 00:00:00;0.98;19.19;414496.53;60;STOP
1431;169631;3;50.7000000000000000;-29.6000000000000000;2009-08-25 06:00:00;0.98;19.10;412522.26;60;STOP
1431;169632;3;51.2000000000000000;-23.8000000000000000;2009-08-25 12:00:00;2.93;18.98;409980.64;60;STOP
1431;169633;3;52.0000000000000000;-18.0000000000000000;2009-08-25 18:00:00;3.46;18.99;410234.12;50;STOP
1431;169634;3;53.0000000000000000;-13.0000000000000000;2009-08-26 00:00:00;0.00;16.49;356164.62;40;STOP
