tid;gid;sid;latitude;longitude;time;direction_inference;speed_inference_m_s;distance_inference_m;label
10;709;12;0.441;-33.057;2004-08-18 00:00:00;12.8937;0.936031;1572.53;STOP
10;710;12;0.465;-33.059;2004-08-18 00:28:00;19.6803;1.594;2677.93;STOP
10;711;12;0.487;-33.069;2004-08-18 01:00:00;91.2454;1.39955;2687.13;STOP
10;712;12;0.52;-32.992;2004-08-18 02:00:00;73.6624;2.58747;9314.88;STOP
10;713;12;0.457;-32.94;2004-08-18 03:00:00;43.1125;2.52311;9083.21;STOP
10;714;12;0.409;-32.943;2004-08-18 03:37:00;72.5388;2.40891;5347.77;STOP
10;715;12;0.404;-32.93;2004-08-18 04:00:00;21.0795;1.12227;1548.73;STOP
10;716;12;0.338;-32.857;2004-08-18 05:00:00;19.5822;3.03968;10942.8;STOP
10;717;12;0.325;-32.85;2004-08-18 05:15:00;10.6902;1.82419;1641.77;STOP
10;718;12;0.304;-32.833;2004-08-18 05:29:00;24.9548;3.57655;3004.3;STOP
10;719;12;0.272;-32.825;2004-08-18 06:00:00;28.7798;1.97191;3667.74;STOP
10;720;12;0.196;-32.845;2004-08-18 07:00:00;149.744;2.42737;8738.53;STOP
10;721;12;0.202;-32.839;2004-08-18 07:55:00;74.2192;0.285914;943.517;STOP
10;722;12;0.169;-32.78;2004-08-18 08:42:00;45.6088;2.66558;7516.94;STOP
10;723;12;0.174;-32.763;2004-08-18 09:00:00;77.5556;1.82442;1970.37;STOP
10;724;12;0.319;-32.773;2004-08-18 10:00:00;4.04414;4.48932;16161.6;STOP
10;725;12;0.376;-32.781;2004-08-18 10:26:00;0.437642;4.10271;6400.23;STOP
10;726;12;0.457;-32.793;2004-08-18 11:00:00;0.319193;4.46328;9105.09;STOP
10;727;12;0.496;-32.799;2004-08-18 11:17:00;0.43438;4.30159;4387.62;STOP
10;728;12;0.595;-32.815;2004-08-18 12:00:00;1.51374;4.32214;11151.1;STOP
10;729;12;0.699;-32.829;2004-08-18 12:56:00;5.66427;3.47279;11668.6;STOP
10;730;12;0.842;-32.834;2004-08-18 14:00:00;0.400272;4.14338;15910.6;STOP
10;731;12;0.985;-32.838;2004-08-18 15:00:00;9.33586;4.41864;15907.1;STOP
10;732;12;1.066;-32.827;2004-08-18 16:00:00;88.2713;2.52484;9089.44;STOP
10;733;12;1.067;-32.833;2004-08-18 16:32:00;28.4127;0.352218;676.258;STOP
10;734;12;1.074;-32.842;2004-08-18 17:00:00;0.41518;0.754571;1267.68;STOP
10;735;12;1.089;-32.861;2004-08-18 18:06:00;2.75249;0.679659;2691.45;STOP
10;736;12;1.099;-32.875;2004-08-18 19:00:00;18.4349;0.590382;1912.84;STOP
10;737;12;1.103;-32.888;2004-08-18 19:50:00;121.929;0.504053;1512.16;STOP
10;738;12;1.001;-32.861;2004-08-18 21:00:00;20.9967;2.79342;11732.4;STOP
10;739;12;0.964;-32.865;2004-08-18 21:24:00;8.29127;2.87373;4138.18;STOP
10;740;12;0.937;-32.864;2004-08-18 21:39:00;16.5914;3.33813;3004.32;STOP
10;741;12;0.906;-32.872;2004-08-18 22:00:00;24.0755;2.82535;3559.95;STOP
10;742;12;0.841;-32.861;2004-08-18 23:00:00;39.8616;2.03623;7330.41;STOP
10;743;12;0.817;-32.875;2004-08-18 23:18:00;15.5997;2.86061;3089.46;STOP
10;744;12;0.752;-32.892;2004-08-19 00:05:00;1.66213;2.6492;7470.73;STOP
10;745;12;0.7;-32.904;2004-08-19 01:00:00;9.02212;1.79821;5934.08;STOP
10;746;12;0.628;-32.909;2004-08-19 01:44:00;6.17509;3.03989;8025.31;STOP
10;747;12;0.602;-32.908;2004-08-19 02:00:00;0.0880119;3.01376;2893.21;STOP
10;748;12;0.502;-32.904;2004-08-19 03:00:00;24.2744;3.09122;11128.4;STOP
10;749;12;0.462;-32.884;2004-08-19 03:28:00;46.0051;2.95997;4972.75;STOP
10;750;12;0.428;-32.896;2004-08-19 04:00:00;19.44;2.08811;4009.18;STOP
10;751;12;0.343;-32.896;2004-08-19 05:00:00;6.5198;2.62544;9451.57;STOP
10;752;12;0.308;-32.9;2004-08-19 05:16:00;6.5198;4.08037;3917.16;STOP
10;753;12;0.276;-32.9;2004-08-19 05:45:00;120.069;2.04496;3558.24;STOP
10;754;12;0.287;-32.881;2004-08-19 06:00:00;10.1648;2.71245;2441.21;STOP
10;755;13;0.329;-32.765;2004-08-19 07:00:00;1.54399;3.81052;13717.9;MOVE
10;756;13;0.351;-32.709;2004-08-19 07:29:00;0.286477;3.84489;6690.1;MOVE
10;757;13;0.375;-32.647;2004-08-19 08:00:00;1.6246;3.97444;7392.45;MOVE
10;758;13;0.386;-32.616;2004-08-19 08:16:00;2.62969;3.80995;3657.55;MOVE
10;759;13;0.397;-32.589;2004-08-19 08:30:00;2.8763;3.85928;3241.8;MOVE
10;760;13;0.418;-32.529;2004-08-19 09:00:00;8.28009;3.92688;7068.38;MOVE
10;761;14;0.477;-32.416;2004-08-19 10:04:00;60.64;3.69122;14174.3;STOP
10;762;14;0.509;-32.415;2004-08-19 10:19:00;0.596033;3.95553;3559.97;STOP
10;763;14;0.605;-32.411;2004-08-19 11:00:00;0.476461;4.34308;10684;STOP
10;764;14;0.745;-32.404;2004-08-19 12:00:00;0.616663;4.32965;15586.7;STOP
10;765;14;0.847;-32.4;2004-08-19 12:45:00;0.934088;4.20393;11350.6;STOP
10;766;14;0.883;-32.398;2004-08-19 13:00:00;1.50744;4.45465;4009.19;STOP
10;767;14;1.02;-32.394;2004-08-19 14:00:00;0.82363;4.23339;15240.2;STOP
10;768;14;1.155;-32.392;2004-08-19 15:00:00;1.70386;4.17027;15013;STOP
10;769;14;1.289;-32.394;2004-08-19 16:00:00;0.855097;4.13938;14901.8;STOP
10;770;14;1.336;-32.394;2004-08-19 16:18:00;0.65106;4.83904;5226.16;STOP
10;771;14;1.424;-32.393;2004-08-19 17:00:00;168.039;3.88325;9785.79;STOP
10;772;14;1.414;-32.391;2004-08-19 17:50:00;125.272;0.377986;1133.96;STOP
10;773;14;1.418;-32.4;2004-08-19 18:23:00;7.26324;0.552961;1094.86;STOP
10;774;14;1.421;-32.41;2004-08-19 19:00:00;0.753848;0.522785;1160.58;STOP
10;775;14;1.423;-32.417;2004-08-19 19:25:00;3.41659;0.539521;809.281;STOP
10;776;14;1.425;-32.426;2004-08-19 20:00:00;102.529;0.488031;1024.86;STOP
10;777;14;1.359;-32.426;2004-08-19 21:00:00;4.66686;2.03857;7338.87;STOP
10;778;14;1.31;-32.43;2004-08-19 21:27:00;3.27661;3.37449;5466.67;STOP
10;779;14;1.267;-32.436;2004-08-19 22:00:00;3.65432;2.43822;4827.68;STOP
10;780;14;1.147;-32.445;2004-08-19 23:00:00;6.80603;3.7169;13380.9;STOP
10;781;14;1.056;-32.441;2004-08-19 23:44:00;4.60814;3.83656;10128.5;STOP
10;782;14;1.024;-32.437;2004-08-20 00:00:00;6.05419;3.73533;3585.92;STOP
10;783;14;0.917;-32.435;2004-08-20 01:00:00;27.0452;3.30554;11899.9;STOP
10;784;14;0.878;-32.454;2004-08-20 01:24:00;28.4639;3.34982;4823.75;STOP
10;785;14;0.832;-32.452;2004-08-20 02:00:00;15.9454;2.37028;5119.8;STOP
10;786;14;0.739;-32.421;2004-08-20 03:00:00;26.2001;3.02789;10900.4;STOP
10;787;14;0.717;-32.424;2004-08-20 03:12:00;23.0203;3.42906;2468.92;STOP
10;788;14;0.684;-32.415;2004-08-20 04:00:00;18.308;1.32064;3803.43;STOP
10;789;14;0.609;-32.419;2004-08-20 05:01:00;13.0071;2.28182;8351.47;STOP
10;790;14;0.543;-32.438;2004-08-20 06:00:00;39.8628;2.15731;7636.88;STOP
10;791;14;0.497;-32.506;2004-08-20 07:00:00;26.9522;2.53571;9128.57;STOP
10;792;15;0.481;-32.634;2004-08-20 07:55:00;3.06567;4.34642;14343.2;MOVE
10;793;15;0.47;-32.789;2004-08-20 09:00:00;0.458068;4.43025;17278;MOVE
10;794;15;0.461;-32.932;2004-08-20 10:00:00;0.837421;4.4255;15931.8;MOVE
10;795;15;0.454;-33.077;2004-08-20 11:00:00;0.0157692;4.48376;16141.5;MOVE
10;796;15;0.448;-33.202;2004-08-20 11:51:00;7.55676;4.54737;13914.9;MOVE
10;797;15;0.434;-33.279;2004-08-20 12:24:00;4.95027;4.39502;8702.13;MOVE
10;798;15;0.413;-33.356;2004-08-20 13:00:00;7.63093;4.10856;8874.5;MOVE
10;799;15;0.396;-33.483;2004-08-20 13:57:00;6.4307;4.1659;14247.4;MOVE
10;800;15;0.393;-33.627;2004-08-20 15:00:00;2.70093;4.23682;16015.2;MOVE
10;801;15;0.397;-33.779;2004-08-20 16:05:00;0.71222;4.33515;16907.1;MOVE
10;802;15;0.402;-33.908;2004-08-20 17:00:00;3.27267;4.34987;14354.6;MOVE
10;803;15;0.412;-34.012;2004-08-20 17:44:00;8.78877;4.4005;11617.3;MOVE
10;804;15;0.426;-34.067;2004-08-20 18:07:00;0.284669;4.57289;6310.58;MOVE
10;805;15;0.459;-34.194;2004-08-20 19:00:00;0.284669;4.58814;14590.3;MOVE
10;806;15;0.487;-34.304;2004-08-20 19:46:00;2.64746;4.57285;12621.1;MOVE
10;807;15;0.494;-34.338;2004-08-20 20:00:00;3.2479;4.59498;3859.79;MOVE
10;808;15;0.532;-34.481;2004-08-20 21:00:00;0.845286;4.57003;16452.1;MOVE
10;809;15;0.567;-34.621;2004-08-20 22:00:00;0.345151;4.45714;16045.7;MOVE
10;810;15;0.577;-34.66;2004-08-20 22:16:00;1.105;4.66321;4476.68;MOVE
10;811;15;0.598;-34.749;2004-08-20 22:54:00;0.200816;4.45947;10167.6;MOVE
10;812;15;0.634;-34.904;2004-08-21 00:00:00;0.17683;4.46793;17693;MOVE
10;813;15;0.664;-35.035;2004-08-21 00:56:00;1.44486;4.44724;14942.7;MOVE
10;814;15;0.695;-35.188;2004-08-21 02:00:00;0.359253;4.52014;17357.3;MOVE
10;815;15;0.727;-35.341;2004-08-21 03:04:00;1.06729;4.52595;17379.7;MOVE
10;816;15;0.753;-35.478;2004-08-21 04:00:00;0.833106;4.61439;15504.4;MOVE
10;817;15;0.771;-35.581;2004-08-21 04:43:00;3.28024;4.50607;11625.7;MOVE
10;818;15;0.776;-35.624;2004-08-21 05:00:00;2.64009;4.71879;4813.16;MOVE
10;819;15;0.8;-35.771;2004-08-21 06:00:00;0.656954;4.60015;16560.5;MOVE
10;820;15;0.815;-35.87;2004-08-21 06:40:00;3.39583;4.63869;11132.9;MOVE
10;821;15;0.825;-35.917;2004-08-21 07:00:00;2.42853;4.45218;5342.62;MOVE
10;822;15;0.838;-35.994;2004-08-21 07:32:00;1.88659;4.52203;8682.29;MOVE
10;823;15;0.852;-36.063;2004-08-21 08:00:00;0.546726;4.6595;7827.97;MOVE
10;824;15;0.863;-36.12;2004-08-21 08:24:00;1.35612;4.48219;6454.36;MOVE
10;825;16;0.878;-36.209;2004-08-21 09:00:00;1.43658;4.64574;10034.8;STOP
10;826;16;0.883;-36.244;2004-08-21 09:15:00;25.8464;4.36764;3930.88;STOP
10;827;16;0.945;-36.336;2004-08-21 10:00:00;0.471646;4.56853;12335;STOP
10;828;16;1.028;-36.457;2004-08-21 11:00:00;1.57951;4.5317;16314.1;STOP
10;829;16;1.07;-36.522;2004-08-21 11:32:00;3.34078;4.48136;8604.21;STOP
10;830;16;1.111;-36.578;2004-08-21 12:00:00;0.738714;4.59317;7716.53;STOP
10;831;16;1.199;-36.695;2004-08-21 13:00:00;0.76855;4.52134;16276.8;STOP
10;832;16;1.248;-36.762;2004-08-21 13:35:00;0.219103;4.39451;9228.48;STOP
10;833;16;1.285;-36.813;2004-08-21 14:00:00;0.681414;4.67003;7005.04;STOP
10;834;16;1.375;-36.934;2004-08-21 15:00:00;0.804279;4.65706;16765.4;STOP
10;835;16;1.453;-37.042;2004-08-21 15:53:00;29.4975;4.65742;14810.6;STOP
10;836;16;1.457;-37.078;2004-08-21 17:00:00;4.96974;1.00158;4026.37;STOP
10;837;16;1.459;-37.088;2004-08-21 17:31:00;2.72631;0.609472;1133.62;STOP
10;838;16;1.461;-37.096;2004-08-21 18:00:00;2.72631;0.526814;916.657;STOP
10;839;16;1.465;-37.116;2004-08-21 19:00:00;5.17275e-12;0.629786;2267.23;STOP
10;840;16;1.466;-37.121;2004-08-21 19:15:00;113.839;0.629785;566.807;STOP
10;841;16;1.457;-37.119;2004-08-21 20:00:00;36.7076;0.379686;1025.15;STOP
10;842;16;1.432;-37.09;2004-08-21 20:21:00;2.96336;3.37833;4256.7;STOP
10;843;16;1.388;-37.044;2004-08-21 21:00:00;1.95149;3.02437;7077.03;STOP
10;844;16;1.321;-36.969;2004-08-21 22:00:00;0.376756;3.10582;11181;STOP
10;845;16;1.254;-36.893;2004-08-21 23:00:00;1.59315;3.12896;11264.3;STOP
20;885;26;-0.007;-38.248;2004-08-04 00:00:00;1.69992;3.48866;10675.3;STOP
20;886;26;-0.088;-38.278;2004-08-04 00:48:00;17.1433;3.33496;9604.69;STOP
20;887;26;-0.106;-38.279;2004-08-04 01:00:00;2.01069;2.78416;2004.6;STOP
20;888;26;-0.204;-38.281;2004-08-04 02:00:00;3.64441;3.0276;10899.4;STOP
20;889;26;-0.299;-38.289;2004-08-04 03:00:00;25.7424;2.9447;10600.9;STOP
20;890;27;-0.382;-38.338;2004-08-04 04:00:00;2.57649;2.97707;10717.4;MOVE
20;891;27;-0.446;-38.372;2004-08-04 04:35:00;22.215;3.8373;8058.33;MOVE
20;892;27;-0.471;-38.402;2004-08-04 05:00:00;41.5419;2.89481;4342.22;MOVE
20;893;27;-0.517;-38.409;2004-08-04 06:00:00;81.5498;1.43718;5173.85;MOVE
20;894;27;-0.521;-38.396;2004-08-04 06:24:00;10.4702;1.05025;1512.36;MOVE
20;895;27;-0.526;-38.353;2004-08-04 07:00:00;2.61834;2.22843;4813.4;MOVE
20;896;27;-0.53;-38.296;2004-08-04 07:34:00;1.35117;3.11443;6353.43;MOVE
20;897;27;-0.532;-38.253;2004-08-04 08:00:00;1.69198;3.06817;4786.35;MOVE
20;898;28;-0.533;-38.194;2004-08-04 08:36:00;5.05664;3.03757;6561.16;STOP
20;899;28;-0.53;-38.152;2004-08-04 09:00:00;1.44192;3.25131;4681.89;STOP
20;900;28;-0.527;-38.121;2004-08-04 09:18:00;0.123749;3.20648;3463;STOP
20;901;28;-0.52;-38.047;2004-08-04 10:00:00;7.59083;3.27969;8264.82;STOP
20;902;28;-0.514;-38.021;2004-08-04 10:15:00;2.21032;3.2966;2966.94;STOP
20;903;28;-0.498;-37.937;2004-08-04 11:00:00;1.05778;3.52146;9507.95;STOP
20;904;28;-0.485;-37.875;2004-08-04 11:35:00;20.9865;3.35417;7043.75;STOP
20;905;28;-0.465;-37.844;2004-08-04 11:54:00;16.1482;3.59831;4102.07;STOP
20;906;28;-0.365;-37.757;2004-08-04 13:00:00;4.76943;3.72185;14738.5;STOP
20;907;28;-0.335;-37.735;2004-08-04 13:19:00;18.4594;3.62865;4136.66;STOP
20;908;28;-0.289;-37.67;2004-08-04 14:00:00;77.274;3.59935;8854.41;STOP
20;909;28;-0.352;-37.6;2004-08-04 15:00:00;46.1652;2.90881;10471.7;STOP
20;910;28;-0.445;-37.597;2004-08-04 15:50:00;3.1595;3.44884;10346.5;STOP
20;911;28;-0.576;-37.6;2004-08-04 17:00:00;1.17767;3.46913;14570.4;STOP
20;912;28;-0.622;-37.602;2004-08-04 17:25:00;1.6215;3.4132;5119.8;STOP
20;913;28;-0.688;-37.603;2004-08-04 18:00:00;11.2688;3.4951;7339.71;STOP
20;914;28;-0.781;-37.623;2004-08-04 19:00:00;109.127;2.9382;10577.5;STOP
20;915;28;-0.747;-37.679;2004-08-04 19:27:00;4.19174;4.49647;7284.28;STOP
20;916;28;-0.7;-37.745;2004-08-04 20:00:00;8.63515;4.55003;9009.06;STOP
20;917;28;-0.669;-37.777;2004-08-04 20:19:00;1.0387;4.34555;4953.92;STOP
20;918;28;-0.598;-37.853;2004-08-04 21:00:00;0.254513;4.70099;11564.4;STOP
20;919;28;-0.573;-37.88;2004-08-04 21:16:00;3.9814;4.26197;4091.5;STOP
20;920;28;-0.49;-37.958;2004-08-04 22:03:00;54.8134;4.49104;12664.7;STOP
20;921;28;-0.451;-37.95;2004-08-04 22:54:00;37.5524;1.4467;4426.89;STOP
20;922;28;-0.387;-37.876;2004-08-05 00:00:00;2.98039;2.74716;10878.8;STOP
20;923;28;-0.366;-37.849;2004-08-05 00:24:00;3.58811;2.64125;3803.4;STOP
20;924;28;-0.336;-37.805;2004-08-05 01:00:00;13.2923;2.74144;5921.51;STOP
20;925;28;-0.278;-37.752;2004-08-05 02:03:00;54.7042;2.3112;8736.35;STOP
20;926;28;-0.287;-37.68;2004-08-05 03:00:00;53.4789;2.35914;8068.24;STOP
20;927;28;-0.358;-37.64;2004-08-05 04:00:00;20.8653;2.51708;9061.5;STOP
20;928;28;-0.398;-37.634;2004-08-05 04:24:00;43.9256;3.1233;4497.55;STOP
20;929;28;-0.436;-37.661;2004-08-05 05:00:00;25.2193;2.3997;5183.36;STOP
20;930;28;-0.514;-37.675;2004-08-05 06:00:00;18.9217;2.44772;8811.79;STOP
20;931;28;-0.553;-37.669;2004-08-05 06:36:00;28.4;2.0313;4387.62;STOP
20;932;28;-0.581;-37.679;2004-08-05 07:00:00;2.14759;2.29586;3306.04;STOP
20;933;28;-0.591;-37.683;2004-08-05 07:19:00;14.226;1.05052;1197.6;STOP
20;934;28;-0.635;-37.715;2004-08-05 08:00:00;41.2218;2.45916;6049.54;STOP
20;935;28;-0.657;-37.713;2004-08-05 08:16:00;14.922;2.55872;2456.38;STOP
20;936;28;-0.692;-37.719;2004-08-05 08:48:00;37.762;2.05656;3948.59;STOP
20;937;28;-0.703;-37.731;2004-08-05 09:02:00;122.691;2.15482;1810.05;STOP
20;938;28;-0.651;-37.74;2004-08-05 10:00:00;17.3587;1.68623;5868.09;STOP
20;939;28;-0.583;-37.731;2004-08-05 10:32:00;0.99132;3.97249;7627.19;STOP
20;940;28;-0.523;-37.722;2004-08-05 11:00:00;0.503528;4.01567;6746.33;STOP
20;941;28;-0.445;-37.711;2004-08-05 11:38:00;0.443907;3.84168;8759.02;STOP
20;942;28;-0.398;-37.704;2004-08-05 12:00:00;2.06804;4.00288;5283.8;STOP
20;943;28;-0.269;-37.68;2004-08-05 13:03:00;1.13453;3.85986;14590.3;STOP
20;944;28;-0.148;-37.655;2004-08-05 14:00:00;54.0518;4.01718;13738.8;STOP
20;945;28;-0.125;-37.604;2004-08-05 14:37:00;99.2561;2.80223;6220.94;STOP
20;946;28;-0.166;-37.593;2004-08-05 15:00:00;4.34858;3.42045;4720.22;STOP
20;947;28;-0.235;-37.58;2004-08-05 15:38:00;2.34413;3.42431;7807.43;STOP
20;948;28;-0.276;-37.574;2004-08-05 16:00:00;20.2698;3.49057;4607.55;STOP
20;949;28;-0.38;-37.596;2004-08-05 17:00:00;30.1934;3.28338;11820.2;STOP
20;950;28;-0.401;-37.615;2004-08-05 17:13:00;0.377295;4.03713;3148.96;STOP
20;951;28;-0.429;-37.64;2004-08-05 17:32:00;1.90748;3.66126;4173.84;STOP
20;952;28;-0.473;-37.682;2004-08-05 18:00:00;0.66566;4.02597;6763.62;STOP
20;953;28;-0.562;-37.765;2004-08-05 19:00:00;1.99788;3.75882;13531.8;STOP
20;954;28;-0.582;-37.785;2004-08-05 19:15:00;5.04245;3.49443;3144.99;STOP
20;955;28;-0.619;-37.816;2004-08-05 19:53:00;18.6396;2.35406;5367.27;STOP
20;956;28;-0.66;-37.832;2004-08-05 21:00:00;172.443;1.21736;4893.8;STOP
20;957;28;-0.611;-37.82;2004-08-05 21:37:00;21.2312;2.52682;5609.54;STOP
20;958;28;-0.581;-37.799;2004-08-05 22:00:00;20.2485;2.95061;4071.85;STOP
20;959;28;-0.524;-37.784;2004-08-05 22:38:00;2.40448;2.87451;6553.88;STOP
20;960;28;-0.492;-37.777;2004-08-05 23:00:00;8.21696;2.75937;3642.37;STOP
20;961;28;-0.404;-37.744;2004-08-06 00:03:00;8.63531;2.76468;10450.5;STOP
20;962;28;-0.314;-37.725;2004-08-06 01:00:00;16.1886;2.99068;10228.1;STOP
20;963;28;-0.247;-37.73;2004-08-06 01:42:00;20.5281;2.96459;7470.78;STOP
20;964;28;-0.223;-37.723;2004-08-06 02:00:00;4.90106;2.57395;2779.87;STOP
20;965;28;-0.161;-37.699;2004-08-06 03:00:00;100.945;2.05349;7392.58;STOP
20;966;28;-0.193;-37.648;2004-08-06 04:00:00;70.8884;1.85967;6694.8;STOP
20;967;28;-0.206;-37.651;2004-08-06 04:13:00;41.8373;1.90196;1483.52;STOP
20;968;28;-0.275;-37.613;2004-08-06 05:00:00;7.35722;3.10603;8759.01;STOP
20;969;28;-0.369;-37.576;2004-08-06 06:02:00;66.878;3.01959;11232.9;STOP
20;970;28;-0.372;-37.471;2004-08-06 07:00:00;2.20384;3.35632;11680;STOP
20;971;28;-0.371;-37.37;2004-08-06 07:51:00;0.300785;3.67026;11231;STOP
20;972;28;-0.37;-37.304;2004-08-06 08:24:00;10.3304;3.70685;7339.55;STOP
20;973;28;-0.373;-37.286;2004-08-06 08:38:00;154.367;2.41557;2029.08;STOP
20;974;28;-0.347;-37.323;2004-08-06 09:00:00;49.4923;3.80936;5028.35;STOP
20;975;28;-0.252;-37.332;2004-08-06 09:49:00;12.2546;3.60912;10610.8;STOP
20;976;28;-0.227;-37.329;2004-08-06 10:00:00;4.35322;4.24215;2799.82;STOP
20;977;28;-0.204;-37.328;2004-08-06 10:12:00;0.736148;3.55542;2559.9;STOP
20;978;28;-0.106;-37.325;2004-08-06 11:00:00;0.584266;3.78549;10902.2;STOP
20;979;28;-0.057;-37.324;2004-08-06 11:23:00;1.9132;3.94905;5449.69;STOP
20;980;28;0.02;-37.325;2004-08-06 12:00:00;11.6819;3.85709;8562.73;STOP
20;981;28;0.079;-37.338;2004-08-06 12:30:00;6.27932;3.73215;6717.87;STOP
20;982;28;0.144;-37.345;2004-08-06 13:00:00;3.81881;4.03859;7269.46;STOP
20;983;28;0.267;-37.35;2004-08-06 14:00:00;3.91896;3.8023;13688.3;STOP
20;984;28;0.303;-37.349;2004-08-06 14:18:00;1.59114;3.70793;4004.56;STOP
20;985;28;0.39;-37.349;2004-08-06 15:00:00;4.51399;3.83887;9673.96;STOP
20;986;28;0.428;-37.352;2004-08-06 15:19:00;1.85099;3.71803;4238.55;STOP
20;987;28;0.514;-37.356;2004-08-06 16:00:00;0.0604386;3.8915;9573.1;STOP
20;988;28;0.624;-37.361;2004-08-06 17:00:00;94.9921;3.40113;12244.1;STOP
20;989;28;0.622;-37.376;2004-08-06 18:00:00;8.35075;0.467385;1682.59;STOP
20;990;28;0.618;-37.39;2004-08-06 19:00:00;121.657;0.449704;1618.93;STOP
20;991;28;0.597;-37.367;2004-08-06 19:33:00;74.1676;1.74901;3463.04;STOP
20;992;28;0.593;-37.369;2004-08-06 20:00:00;51.3402;0.306959;497.273;STOP
20;993;28;0.58;-37.363;2004-08-06 20:30:00;12.2463;0.884475;1592.05;STOP
20;994;28;0.544;-37.355;2004-08-06 20:49:00;5.90614;3.59707;4100.66;STOP
20;995;28;0.523;-37.348;2004-08-06 21:00:00;13.2405;3.72938;2461.39;STOP
20;996;28;0.501;-37.346;2004-08-06 21:13:00;1.55915;3.1492;2456.38;STOP
20;997;28;0.425;-37.337;2004-08-06 22:00:00;8.77054;3.01768;8509.86;STOP
20;998;28;0.371;-37.322;2004-08-06 22:33:00;13.1382;3.14741;6231.87;STOP
20;999;28;0.323;-37.32;2004-08-06 23:00:00;24.5662;3.29752;5341.99;STOP
20;1000;28;0.264;-37.29;2004-08-06 23:34:00;0.922587;3.60778;7359.88;STOP
20;1001;28;0.221;-37.269;2004-08-07 00:00:00;11.9933;3.41097;5321.11;STOP
40;2353;26;0.985;-34.331;2004-08-13 00:00:00;176.35;0.85;3302.07;STOP
40;2354;26;1.06;-34.397;2004-08-13 00:43:00;12.33;4.31;11108.2;STOP
40;2355;26;1.085;-34.431;2004-08-13 01:00:00;1.12;4.6;4692.1;STOP
40;2356;26;1.17;-34.542;2004-08-13 02:00:00;0.3;4.32;15543.9;STOP
40;2357;26;1.194;-34.573;2004-08-13 02:17:00;2.06;4.27;4358.77;STOP
40;2358;26;1.259;-34.651;2004-08-13 03:00:00;0.36;4.38;11288.5;STOP
40;2359;26;1.351;-34.76;2004-08-13 04:00:00;0.11;4.4;15858;STOP
40;2360;26;1.401;-34.819;2004-08-13 04:34:00;1.91;4.21;8598.03;STOP
40;2361;26;1.439;-34.867;2004-08-13 05:00:00;5.09;4.36;6806.17;STOP
40;2362;26;1.46;-34.899;2004-08-13 06:00:00;2.26;1.18;4255.07;STOP
40;2363;26;1.465;-34.906;2004-08-13 06:23:00;4.27;0.69;956.33;STOP
40;2364;26;1.47;-34.912;2004-08-13 06:41:00;0;0.8;868.29;STOP
40;2365;26;1.475;-34.918;2004-08-13 07:00:00;151.61;0.76;868.29;STOP
40;2366;26;1.46;-34.912;2004-08-13 07:29:00;12.89;1.03;1796.33;STOP
40;2367;26;1.447;-34.903;2004-08-13 08:00:00;10.3;0.95;1757.96;STOP
40;2368;26;1.437;-34.893;2004-08-13 08:16:00;10.01;1.64;1572.28;STOP
40;2369;26;1.407;-34.872;2004-08-13 08:58:00;5.68;1.62;4071.51;STOP
40;2370;26;1.336;-34.811;2004-08-13 10:00:00;3.13;2.8;10407.2;STOP
40;2371;26;1.254;-34.748;2004-08-13 11:00:00;10.44;3.19;11497.2;STOP
40;2372;26;1.211;-34.726;2004-08-13 11:40:00;2.89;2.24;5370.58;STOP
40;2373;26;1.185;-34.711;2004-08-13 12:00:00;7.01;2.78;3337.52;STOP
40;2374;26;1.112;-34.656;2004-08-13 13:00:00;3.31;2.82;10162.5;STOP
40;2375;26;1.091;-34.642;2004-08-13 13:15:00;2.69;3.12;2806.27;STOP
40;2376;26;1.034;-34.6;2004-08-13 14:00:00;14.88;2.92;7872.41;STOP
40;2377;26;0.968;-34.574;2004-08-13 15:00:00;16.99;2.19;7887.63;STOP
40;2378;26;0.93;-34.571;2004-08-13 15:45:00;55.23;1.57;4238.55;STOP
40;2379;26;0.916;-34.547;2004-08-13 16:00:00;3.15;3.43;3089.24;STOP
40;2380;26;0.854;-34.453;2004-08-13 17:00:00;0.57;3.48;12520.1;STOP
40;2381;26;0.823;-34.407;2004-08-13 17:29:00;3.9;3.54;6167.61;STOP
40;2382;26;0.788;-34.362;2004-08-13 18:00:00;21.83;3.41;6338.7;STOP
40;2383;26;0.687;-34.303;2004-08-13 19:00:00;0.29;3.61;13006.2;STOP
40;2384;26;0.665;-34.29;2004-08-13 19:14:00;2.81;3.38;2841.41;STOP
40;2385;26;0.577;-34.232;2004-08-13 20:06:00;0.39;3.76;11719.1;STOP
40;2386;26;0.48;-34.169;2004-08-13 21:02:00;0.49;3.83;12861;STOP
40;2387;26;0.4;-34.118;2004-08-13 21:49:00;7.29;3.74;10549.4;STOP
40;2388;26;0.382;-34.103;2004-08-13 22:00:00;7.67;3.95;2605.36;STOP
40;2389;26;0.304;-34.054;2004-08-13 22:45:00;0.87;3.79;10242.6;STOP
40;2390;26;0.276;-34.037;2004-08-13 23:00:00;2.55;4.05;3642.36;STOP
40;2391;26;0.173;-33.968;2004-08-14 00:00:00;67.49;3.83;13785.5;STOP
40;2392;26;0.174;-33.963;2004-08-14 00:19:00;111.87;0.5;566.98;STOP
40;2393;26;0.252;-34.014;2004-08-14 01:00:00;7.52;4.21;10362.6;STOP
40;2394;26;0.352;-34.1;2004-08-14 02:00:00;1.58;4.07;14665.8;STOP
40;2395;26;0.451;-34.19;2004-08-14 03:00:00;0.03;4.13;14877.1;STOP
40;2396;26;0.551;-34.281;2004-08-14 04:00:00;0.58;4.18;15034.1;STOP
40;2397;26;0.607;-34.333;2004-08-14 04:33:00;0.82;4.29;8497.3;STOP
40;2398;26;0.652;-34.376;2004-08-14 05:00:00;3.34;4.27;6920.74;STOP
40;2399;26;0.747;-34.478;2004-08-14 06:00:00;6.94;4.31;15498.6;STOP
40;2400;26;0.763;-34.5;2004-08-14 06:12:00;10.51;4.2;3024.66;STOP
40;2401;26;0.784;-34.544;2004-08-14 07:00:00;94.48;1.88;5420.85;STOP
40;2402;26;0.771;-34.549;2004-08-14 07:56:00;53.04;0.46;1548.75;STOP
40;2403;26;0.739;-34.529;2004-08-14 08:34:00;11.08;1.84;4195.94;STOP
40;2404;26;0.705;-34.516;2004-08-14 09:00:00;25.51;2.59;4047.52;STOP
40;2405;26;0.666;-34.475;2004-08-14 09:40:00;7.03;2.62;6291.86;STOP
40;2406;26;0.638;-34.452;2004-08-14 10:00:00;16.65;3.36;4029.08;STOP
40;2407;26;0.607;-34.439;2004-08-14 10:23:00;2.33;2.71;3737.84;STOP
40;2408;26;0.56;-34.417;2004-08-14 11:00:00;12.32;2.6;5770.31;STOP
40;2409;26;0.543;-34.404;2004-08-14 11:15:00;4.38;2.64;2379.63;STOP
40;2410;26;0.523;-34.391;2004-08-14 11:28:00;6.15;3.4;2652.38;STOP
40;2411;26;0.496;-34.369;2004-08-14 12:00:00;3.53;2.02;3872.65;STOP
40;2412;26;0.443;-34.331;2004-08-14 12:48:00;2.62;2.52;7251.5;STOP
40;2413;26;0.423;-34.318;2004-08-14 13:00:00;12.81;3.68;2652.39;STOP
40;2414;26;0.355;-34.248;2004-08-14 14:00:00;23.21;3.01;10851.5;STOP
40;2415;26;0.337;-34.201;2004-08-14 15:00:00;30.01;1.55;5596.23;STOP
40;2416;26;0.3;-34.171;2004-08-14 15:33:00;11.56;2.68;5296.63;STOP
40;2417;26;0.277;-34.143;2004-08-14 16:00:00;3.62;2.49;4029.16;STOP
40;2418;26;0.221;-34.083;2004-08-14 17:00:00;4.46;2.54;9126.07;STOP
40;2419;26;0.197;-34.061;2004-08-14 17:17:00;3.85;3.55;3620.23;STOP
40;2420;26;0.127;-34.005;2004-08-14 18:00:00;17.84;3.86;9967.91;STOP
40;2421;26;0.006;-33.959;2004-08-14 19:00:00;0.62;4;14394;STOP
40;2422;26;-0.081;-33.927;2004-08-14 19:43:00;3.19;4;10307.6;STOP
40;2423;26;-0.118;-33.911;2004-08-14 20:00:00;2.27;4.39;4482.41;STOP
40;2424;26;-0.219;-33.872;2004-08-14 20:49:00;2.39;4.09;12038.9;STOP
40;2425;26;-0.242;-33.862;2004-08-14 21:00:00;1.25;4.23;2788.75;STOP
40;2426;26;-0.286;-33.844;2004-08-14 21:22:00;0.06;4;5286.14;STOP
40;2427;26;-0.364;-33.812;2004-08-14 22:00:00;1.2;4.11;9374.71;STOP
40;2428;26;-0.421;-33.79;2004-08-14 22:28:00;1;4.04;6793.8;STOP
40;2429;26;-0.485;-33.764;2004-08-14 23:00:00;1.25;4;7681.27;STOP
40;2430;26;-0.59;-33.724;2004-08-14 23:53:00;173.58;3.93;12493.9;STOP
40;2431;26;-0.489;-33.75;2004-08-15 01:00:00;7.84;2.88;11596.8;STOP
40;2432;26;-0.406;-33.784;2004-08-15 01:37:00;4.29;4.49;9973.47;STOP
40;2433;26;-0.354;-33.81;2004-08-15 02:00:00;2.64;4.68;6464.6;STOP
40;2434;26;-0.221;-33.869;2004-08-15 03:00:00;5.36;4.49;16178.7;STOP
40;2435;26;-0.084;-33.915;2004-08-15 04:00:00;0.82;4.46;16069.5;STOP
40;2436;26;-0.059;-33.923;2004-08-15 04:12:00;0.68;4.05;2918.73;STOP
40;2437;26;0.055;-33.958;2004-08-15 05:00:00;18.8;4.6;13260.2;STOP
40;2438;26;0.12;-34.005;2004-08-15 06:00:00;141.51;2.48;8919.19;STOP
40;2439;26;0.113;-33.98;2004-08-15 07:00:00;89.1;0.8;2886.78;STOP
40;2440;26;0.094;-33.985;2004-08-15 07:19:00;13.88;1.92;2184.63;STOP
40;2441;26;0.028;-33.986;2004-08-15 08:00:00;25.31;2.98;7339.71;STOP
40;2442;26;0.017;-33.981;2004-08-15 08:11:00;8.46;2.04;1343.57;STOP
40;2443;26;0;-33.97;2004-08-15 08:25:00;0.78;2.68;2251.53;STOP
40;2444;26;-0.048;-33.938;2004-08-15 09:00:00;36.96;3.05;6414.7;STOP
40;2445;26;-0.083;-33.94;2004-08-15 09:26:00;21.71;2.5;3898.17;STOP
40;2446;26;-0.143;-33.92;2004-08-15 09:59:00;8.57;3.55;7032.58;STOP
40;2447;26;-0.235;-33.904;2004-08-15 11:00:00;0.4;2.84;10383.5;STOP
40;2448;26;-0.259;-33.9;2004-08-15 11:15:00;9.53;3.01;2705.49;STOP
40;2449;26;-0.32;-33.879;2004-08-15 12:00:00;28.24;2.66;7173.57;STOP
40;2450;26;-0.363;-33.886;2004-08-15 12:25:00;37.07;3.23;4844.32;STOP
40;2451;26;-0.399;-33.867;2004-08-15 13:00:00;3.88;2.16;4526.31;STOP
40;2452;26;-0.467;-33.825;2004-08-15 14:00:00;11.32;2.47;8887.18;STOP
40;2453;26;-0.482;-33.811;2004-08-15 14:13:00;4.79;2.92;2281.49;STOP
40;2454;26;-0.515;-33.785;2004-08-15 15:00:00;38.23;1.66;4671.44;STOP
40;2455;27;-0.555;-33.785;2004-08-15 15:19:00;0;3.9;4447.8;MOVE
40;2456;27;-0.638;-33.785;2004-08-15 16:00:00;2.75;3.75;9229.18;MOVE
40;2457;27;-0.763;-33.779;2004-08-15 17:04:00;3.71;3.62;13915.4;MOVE
40;2458;27;-0.882;-33.781;2004-08-15 18:00:00;0.96;3.94;13234.1;MOVE
40;2459;27;-0.929;-33.781;2004-08-15 18:24:00;1.53;3.63;5226.16;MOVE
40;2460;27;-1.004;-33.783;2004-08-15 19:00:00;1.27;3.86;8342.58;MOVE
40;2461;27;-1.045;-33.785;2004-08-15 19:20:00;2.79;3.8;4564.41;MOVE
40;2462;27;-1.126;-33.785;2004-08-15 20:00:00;0.9;3.75;9006.79;MOVE
40;2463;27;-1.253;-33.787;2004-08-15 21:04:00;0.4;3.68;14123.5;MOVE
40;2464;27;-1.366;-33.788;2004-08-15 22:00:00;0.51;3.74;12565.5;MOVE
40;2465;27;-1.405;-33.788;2004-08-15 22:19:00;0;3.8;4336.6;MOVE
40;2466;27;-1.486;-33.788;2004-08-15 23:00:00;0;3.66;9006.79;MOVE
40;2467;27;-1.547;-33.788;2004-08-15 23:30:00;0;3.77;6782.89;MOVE
40;2468;27;-1.606;-33.788;2004-08-16 00:00:00;0.48;3.64;6560.5;MOVE
40;2469;27;-1.725;-33.789;2004-08-16 01:00:00;0.48;3.68;13232.7;MOVE
40;2470;27;-1.747;-33.789;2004-08-16 01:10:00;0.54;4.08;2446.29;MOVE
40;2471;27;-1.854;-33.788;2004-08-16 02:00:00;1.25;3.97;11898.4;MOVE
40;2472;27;-1.982;-33.784;2004-08-16 03:00:00;0.47;3.96;14239.9;MOVE
40;2473;27;-2.112;-33.781;2004-08-16 04:00:00;1.32;4.02;14459.2;MOVE
40;2474;27;-2.242;-33.775;2004-08-16 05:00:00;0.46;4.02;14470.7;MOVE
40;2475;27;-2.347;-33.771;2004-08-16 05:48:00;0.02;4.06;11683.9;MOVE
40;2476;27;-2.373;-33.77;2004-08-16 06:00:00;0.28;4.02;2893.2;MOVE
40;2477;27;-2.492;-33.766;2004-08-16 06:55:00;0.14;4.01;13239.7;MOVE
40;2478;27;-2.524;-33.765;2004-08-16 07:09:00;0.35;4.24;3559.97;MOVE
40;2479;27;-2.631;-33.761;2004-08-16 08:00:00;4.01;3.89;11906.2;MOVE
40;2480;27;-2.723;-33.764;2004-08-16 08:43:00;3.17;3.97;10235.4;MOVE
40;2481;27;-2.757;-33.767;2004-08-16 09:00:00;1.44;3.72;3795.28;MOVE
40;2482;27;-2.801;-33.772;2004-08-16 09:21:00;0.77;3.91;4923.99;MOVE
40;2483;27;-2.831;-33.775;2004-08-16 09:35:00;0.11;3.99;3352.45;MOVE
40;2484;27;-2.882;-33.78;2004-08-16 10:00:00;0.61;3.8;5698.06;MOVE
40;2485;27;-3.008;-33.791;2004-08-16 11:00:00;3.82;3.91;14063.7;MOVE
40;2486;27;-3.137;-33.811;2004-08-16 12:01:00;6.61;3.97;14515;MOVE
40;2487;27;-3.166;-33.819;2004-08-16 12:15:00;0.44;3.98;3344.74;MOVE
40;2488;27;-3.261;-33.846;2004-08-16 13:00:00;0.16;4.07;10980.6;MOVE
40;2489;27;-3.355;-33.873;2004-08-16 13:45:00;4.39;4.03;10873.6;MOVE
40;2490;27;-3.389;-33.88;2004-08-16 14:00:00;7.17;4.29;3859.65;MOVE
40;2491;27;-3.517;-33.89;2004-08-16 15:00:00;4.47;3.97;14276.2;MOVE
40;2492;27;-3.539;-33.89;2004-08-16 15:10:00;0;4.08;2446.29;MOVE
40;2493;27;-3.644;-33.89;2004-08-16 16:00:00;1.55;3.89;11675.5;MOVE
40;2494;27;-3.755;-33.887;2004-08-16 16:54:00;5.21;3.81;12347.1;MOVE
40;2495;27;-3.89;-33.871;2004-08-16 18:05:00;29.34;3.55;15115.9;MOVE
40;2496;27;-4.003;-33.918;2004-08-16 19:00:00;0.35;4.12;13603.8;MOVE
40;2497;27;-4.081;-33.951;2004-08-16 19:39:00;8.23;4.02;9413.94;MOVE
40;2498;27;-4.124;-33.977;2004-08-16 20:00:00;2.17;4.43;5583.65;MOVE
40;2499;27;-4.198;-34.018;2004-08-16 20:35:00;0.22;4.48;9401.17;MOVE
40;2500;27;-4.249;-34.046;2004-08-16 21:00:00;0.37;4.31;6465.34;MOVE
40;2501;27;-4.371;-34.114;2004-08-16 22:00:00;1.83;4.31;15520.3;MOVE
40;2502;27;-4.402;-34.13;2004-08-16 22:15:00;0.09;4.31;3876.71;MOVE
40;2503;27;-4.512;-34.187;2004-08-16 23:07:00;0.68;4.41;13767.2;MOVE
40;2504;27;-4.572;-34.219;2004-08-16 23:35:00;1.51;4.5;7556;MOVE
40;2505;27;-4.626;-34.246;2004-08-17 00:00:00;1.41;4.47;6708.95;MOVE
40;2506;27;-4.722;-34.297;2004-08-17 00:46:00;0.09;4.38;12078.7;MOVE
40;2507;27;-4.752;-34.313;2004-08-17 01:00:00;3.51;4.5;3777.77;MOVE
40;2508;27;-4.874;-34.388;2004-08-17 02:00:00;0.98;4.42;15908.8;MOVE
40;2509;27;-4.993;-34.464;2004-08-17 03:00:00;1.13;4.36;15683.7;MOVE
40;2510;27;-5.089;-34.528;2004-08-17 03:50:00;0.91;4.27;12814.2;MOVE
40;2511;27;-5.221;-34.613;2004-08-17 05:00:00;1.77;4.15;17436.9;MOVE
40;2512;27;-5.282;-34.655;2004-08-17 05:34:00;0.53;4.03;8224.08;MOVE
40;2513;27;-5.329;-34.688;2004-08-17 06:00:00;3.8;4.09;6376.71;MOVE
40;2514;27;-5.427;-34.767;2004-08-17 07:00:00;6.13;3.88;13972.6;MOVE
40;2515;27;-5.467;-34.807;2004-08-17 07:27:00;7.31;3.87;6275.95;MOVE
40;2516;27;-5.501;-34.851;2004-08-17 08:00:00;9.35;3.11;6165.37;MOVE
40;2517;27;-5.53;-34.878;2004-08-17 08:19:00;4.84;3.86;4396.44;MOVE
40;2518;27;-5.595;-34.929;2004-08-17 09:00:00;3.74;3.73;9170.42;MOVE
40;2519;27;-5.614;-34.942;2004-08-17 09:11:00;2.31;3.87;2556;MOVE
40;2520;27;-5.697;-34.994;2004-08-17 10:00:00;26.12;3.7;10875.9;MOVE
40;2521;27;-5.746;-35.073;2004-08-17 10:46:00;25.29;3.73;10299.8;MOVE
40;2522;27;-5.75;-35.108;2004-08-17 11:00:00;2.85;4.64;3897.72;MOVE
40;2523;27;-5.766;-35.205;2004-08-17 11:47:00;91.94;3.86;10878;MOVE
40;2524;27;-5.771;-35.204;2004-08-17 12:00:00;168.69;0.73;566.87;MOVE
40;2525;27;-5.771;-35.204;2004-08-17 13:00:00;0;0;0;MOVE
40;2526;27;-5.771;-35.204;2004-08-17 14:00:00;0;0;0;MOVE
40;2527;27;-5.771;-35.204;2004-08-17 15:00:00;0;0;0;MOVE
40;2528;27;-5.771;-35.204;2004-08-17 16:00:00;0;0;0;MOVE
40;2529;27;-5.771;-35.204;2004-08-17 16:40:00;0;0;0;MOVE
40;2530;27;-5.771;-35.204;2004-08-17 17:00:00;0;0;0;MOVE
40;2531;27;-5.771;-35.204;2004-08-17 18:00:00;0;0;0;MOVE
